67.554024
67.838176
68.088491
68.303621
68.482611
68.624871
68.730143
68.798484
68.830245
68.826053
68.786796
68.713602
68.607823
68.471014
68.304918
68.111442
67.892637
67.650678
67.387841
67.106481
66.809011
66.497879
66.175546
65.844464
65.507059
65.165704
64.822708
64.480291
64.140571
63.805548
63.477091
63.156923
62.846613
62.547568
62.261024
61.988040
61.729500
61.486107
61.258387
61.046688
60.851190
60.671906
60.508691
60.361255
60.229167
60.111874
60.008709
59.918908
59.841625
59.775944
59.720899
59.675486
59.638686
59.609474
59.586836
59.569790
59.557393
59.548762
59.543082
59.539622
59.537751
59.536959
59.536935
59.538236
59.636976
59.539951
59.537108
59.536873
59.537402
59.538882
59.541772
59.546670
59.554277
59.565383
59.580851
59.601606
59.628621
59.662900
59.705467
59.757346
59.819548
59.893053
59.978795
60.077646
60.190397
60.317750
60.460295
60.618504
60.792715
60.983120
61.189757
61.412502
61.651062
61.904968
62.173572
62.456052
62.751401
63.058439
63.375815
63.702008
64.035345
64.374000
64.716013
65.059301
65.401674
65.740848
66.074466
66.400117
66.715352
67.017710
67.304733
67.573993
67.823112
68.049785
68.251798
68.427059
68.573607
68.689645
68.773553
68.823909
68.839510
68.819387
68.762828
68.669388
68.538915
68.371561
68.167809
67.928491
67.654828
67.348463
67.011528
66.646737
66.257527
65.848297
65.424818
64.994966
64.570114
64.168029
63.819460
63.585466
63.613293
64.389641
69.167895
37.998541
53.776999
55.296014
55.522268
55.365967
55.052832
54.667172
54.248639
53.819032
53.391793
52.975967
52.578050
52.202927
51.854384
51.535404
51.248336
50.995014
50.776821
50.594741
50.449394
50.341065
50.269720
50.235030
50.236389
50.272929
50.343539
50.446884
50.581420
50.745419
50.936983
51.154070
51.394512
51.656038
51.936296
52.232874
52.543325
52.865184
53.195995
53.533328
53.874801
54.218099
54.560991
54.901347
55.237156
55.566536
55.887751
56.199216
56.499512
56.787386
57.061764
57.321747
57.566617
57.795834
58.009033
58.206025
58.386781
58.551434
58.700264
58.833692
58.952261
59.056630
59.147557
59.225884
59.292522
59.348435
59.394624
59.432110
59.461920
59.485069
59.502543
59.515289
59.524199
59.530092
59.533707
59.535686
59.536551
59.536634
59.535542
59.492426
59.532791
59.536369
59.536680
59.536212
59.534821
59.532061
59.527342
59.519971
59.509164
59.494061
59.473741
59.447235
59.413537
59.371625
59.320473
59.259067
59.186422
59.101601
59.003725
58.891994
58.765699
58.624239
58.467131
58.294027
58.104723
57.899167
57.677470
57.439913
57.186951
56.919217
56.637521
56.342857
56.036390
55.719462
55.393579
55.060407
54.721761
54.379593
54.035977
53.693100
53.353241
53.018752
52.692045
52.375568
52.071786
51.783158
51.512120
51.261056
51.032281
50.828017
50.650372
50.501318
50.382667
50.296058
50.242929
50.224504
50.241769
50.295462
50.386047
50.513703
50.678300
50.879385
51.116150
51.387409
51.691551
52.026482
52.389540
52.777347
53.185588
53.608616
54.038757
54.464980
54.870180
55.225024
55.471994
55.474938
54.798375
50.786144
88.736656
65.574499
63.832283
63.554487
63.691967
63.996937
64.379007
64.796298
65.226030
65.654268
66.071691
66.471637
66.849110
67.200245
67.522001
67.811978
68.068304
68.289561
68.474732
68.623169
68.734563
68.808920
68.846549
68.848033
68.814223
68.746210
68.645316
68.513068
68.351183
68.161548
67.946197
67.707289
67.447092
67.167954
66.872285
66.562534
66.241167
65.910643
65.573398
65.231821
64.888237
64.544884
64.203904
63.867320
63.537026
63.214773
62.902159
62.600620
62.311420
62.035652
61.774228
61.527882
61.297168
61.082466
60.883979
60.701747
60.535651
60.385422
60.250649
60.130798
60.025217
59.933156
59.853777
59.786174
59.729386
59.682412
59.644231
59.613817
59.590151
59.572241
59.559138
59.549945
59.543834
59.540059
59.537968
59.537029
59.536888
59.537807
59.561554
59.541848
59.537249
59.536856
59.537265
59.538569
59.541203
59.545746
59.552885
59.563399
59.578142
59.598032
59.624035
59.657157
59.698419
59.748849
59.809464
59.881251
59.965155
60.062059
60.172772
60.298011
60.438387
60.594393
60.766388
60.954589
61.159061
61.379705
61.616254
61.868266
62.135123
62.416026
62.709997
63.015882
63.332352
63.657911
63.990905
64.329529
64.671840
65.015768
65.359135
65.699667
66.035012
66.362761
66.680466
66.985659
67.275878
67.548682
67.801680
68.032547
68.239051
68.419073
68.570627
68.691884
68.781191
68.837091
68.858341
68.843933
68.793110
68.705384
68.580553
68.418721
68.220315
67.986115
67.717277
67.415377
67.082469
66.721171
66.334798
65.927585
65.505056
65.074697
64.647206
64.239064
63.878277
63.619091
63.587628
64.174950
67.579790
14.004606
53.175552
55.178989
55.513468
55.396225
55.099969
54.721749
54.305844
53.876074
53.446895
53.027914
52.625966
52.246164
51.892451
51.567931
51.275051
51.015724
50.791404
50.603139
50.451607
50.337144
50.259766
50.219190
50.214850
50.245919
50.311320
50.409749
50.539693
50.699447
50.887135
51.100734
51.338089
51.596938
51.874938
52.169679
52.478713
52.799572
53.129792
53.466933
53.808598
54.152455
54.496255
54.837847
55.175195
55.506393
55.829675
56.143430
56.446207
56.736727
57.013882
57.276745
57.524566
57.756776
57.972984
58.172968
58.356679
58.524222
58.675856
58.811979
58.933119
59.039919
59.133122
59.213559
59.282135
59.339807
59.387574
59.426457
59.457484
59.481675
59.500026
59.513491
59.522974
59.529309
59.533249
59.535455
59.536470
59.536670
59.535897
59.521048
59.530132
59.536204
59.536687
59.536338
59.535118
59.532607
59.528235
59.521322
59.511097
59.496710
59.477245
59.451739
59.419188
59.378571
59.328858
59.269030
59.198096
59.115106
59.019170
58.909473
58.785288
58.645996
58.491093
58.320207
58.133111
57.929727
57.710140
57.474605
57.223549
56.957577
56.677475
56.384207
56.078914
55.762914
55.437689
55.104885
54.766296
54.423858
54.079630
53.735787
53.394598
53.058411
52.729634
52.410715
52.104124
51.812327
51.537768
51.282848
51.049899
50.841164
50.658773
50.504727
50.380868
50.288868
50.230200
50.206126
50.217675
50.265625
50.350487
50.472487
50.631546
50.827261
51.058884
51.325286
51.624926
51.955788
52.315301
52.700209
53.106358
53.528338
53.958849
54.387507
54.798424
55.164840
55.435538
55.493479
54.986305
52.072487
163.470945
66.277293
63.965227
63.568237
63.663694
63.950649
64.324743
64.739114
65.168830
65.598892
66.019391
66.423310
66.805422
67.161697
67.488971
67.784748
68.047072
68.274453
68.465813
68.620444
68.737982
68.818389
68.861923
68.869128
68.840814
68.778039
68.682089
68.554465
68.396859
68.211134
67.999306
67.763522
67.506038
67.229194
66.935399
66.627100
66.306767
65.976868
65.639848
65.298110
64.953994
64.609760
64.267568
63.929467
63.597377
63.273074
62.958185
62.654176
62.362341
62.083803
61.819504
61.570209
61.336501
61.118789
60.917303
60.732111
60.563117
60.410073
60.272593
60.150157
60.042132
59.947780
59.866276
59.796719
59.738156
59.689588
59.649996
59.618348
59.593624
59.574825
59.560990
59.551212
59.544649
59.540539
59.538215
59.537120
59.536862
59.537510
59.547569
59.545741
59.537444
59.536858
59.537149
59.538288
59.540680
59.544884
59.551573
59.561515
59.575553
59.594597
59.619612
59.651596
59.691574
59.740575
59.799620
59.869706
59.951785
60.046756
60.155440
60.278571
60.416781
60.570581
60.740356
60.926345
61.128638
61.347163
61.581679
61.831773
62.096852
62.376146
62.668702
62.973392
63.288912
63.613789
63.946391
64.284932
64.627485
64.971998
65.316303
65.658135
65.995150
66.324941
66.645060
66.953036
67.246398
67.522698
67.779529
68.014550
68.225507
68.410258
68.566790
68.693244
68.787934
68.849368
68.876265
68.867576
68.822501
68.740507
68.621345
68.465068
68.272053
68.043022
67.779071
67.481709
67.152913
66.795209
66.411796
66.006749
65.585366
65.154768
64.725040
64.311506
63.939758
63.658206
63.575642
64.010555
66.520958
425.773770
52.347532
55.028205
55.494347
55.422370
55.145345
54.775669
54.362990
53.933420
53.502537
53.080562
52.674700
52.290302
51.931480
51.601462
51.302796
51.037479
50.807036
50.612580
50.454847
50.334227
50.250785
50.204284
50.194202
50.219749
50.279885
50.373340
50.498628
50.654071
50.837815
51.047854
51.282049
51.538150
51.813819
52.106651
52.414197
52.733986
53.063548
53.400431
53.742227
54.086587
54.431241
54.774020
55.112862
55.445836
55.771150
56.087165
56.392400
56.685545
56.965463
57.231195
57.481963
57.717167
57.936387
58.139375
58.326052
58.496502
58.650960
58.789803
58.913541
59.022798
59.118306
59.200886
59.271431
59.330894
59.380270
59.420581
59.452856
59.478120
59.497374
59.511585
59.521665
59.528462
59.532745
59.535192
59.536369
59.536686
59.536146
59.528945
59.524101
59.535974
59.536676
59.536443
59.535383
59.533108
59.529067
59.522596
59.512933
59.499241
59.480610
59.456083
59.424659
59.385315
59.337022
59.278754
59.209513
59.128340
59.034332
58.926660
58.804579
58.667452
58.514754
58.346091
58.161211
57.960012
57.742553
57.509061
57.259936
56.995756
56.717280
56.425445
56.121368
55.806339
55.481821
55.149434
54.810954
54.468299
54.123515
53.778762
53.436301
53.098473
52.767682
52.446378
52.137031
51.842115
51.564086
51.305356
51.068275
50.855105
50.668002
50.508992
50.379947
50.282572
50.218375
50.188656
50.194485
50.236682
50.315803
50.432121
50.585607
50.775911
51.002339
51.263824
51.558890
51.885598
52.241468
52.623357
53.027265
53.448006
53.878626
54.309331
54.725329
55.102129
55.393922
55.499420
55.129892
52.955504
-6.920784
67.262546
64.136086
63.593195
63.639832
63.906251
64.271202
64.682025
65.111351
65.542992
65.966400
66.374173
66.760837
67.122190
67.454940
67.756488
68.024794
68.258296
68.455849
68.616688
68.740396
68.826881
68.876359
68.889328
68.866561
68.809077
68.718131
68.595194
68.441931
68.260185
68.051952
67.819365
67.564665
67.290189
66.998339
66.691564
66.372335
66.043128
65.706398
65.364560
65.019971
64.674909
64.331557
63.991985
63.658138
63.331821
63.014688
62.708234
62.413784
62.132491
61.865327
61.613088
61.376387
61.155659
60.951166
60.763000
60.591091
60.435214
60.295002
60.169957
60.059460
59.962788
59.879126
59.807584
59.747214
59.697020
59.655984
59.623074
59.597262
59.577545
59.562952
59.552565
59.545529
59.541067
59.538493
59.537232
59.536856
59.537299
59.542667
59.555839
59.537717
59.536879
59.537054
59.538038
59.540200
59.544081
59.550339
59.559727
59.573079
59.591300
59.615346
59.646215
59.684930
59.732521
59.790015
59.858416
59.938686
60.031735
60.138399
60.259429
60.395475
60.547071
60.714620
60.898389
61.098491
61.314881
61.547344
61.795494
62.058767
62.336417
62.627522
62.930976
63.245502
63.569651
63.901811
64.240216
64.582959
64.928001
65.273186
65.616262
65.954889
66.286666
66.609143
66.919847
67.216302
67.496048
67.756666
67.995797
68.211170
68.400616
68.562098
68.693726
68.793783
68.860740
68.893280
68.890312
68.850995
68.774751
68.661283
68.510596
68.323013
68.099202
67.840198
67.547445
67.222845
66.868834
66.488498
66.085764
65.665712
65.235131
64.803539
64.385224
64.003639
63.702177
63.575288
63.885456
65.776644
96.189805
51.161117
54.834652
55.463035
55.443783
55.188696
54.828797
54.420001
53.991022
53.558686
53.133890
52.724237
52.335331
51.971463
51.635992
51.331570
51.060279
50.823719
50.623067
50.459119
50.332319
50.242783
50.190320
50.174452
50.194428
50.249246
50.337668
50.458238
50.609304
50.789035
50.995444
51.226407
51.479687
51.752951
52.043802
52.349789
52.668439
52.997274
53.333835
53.675699
54.020503
54.365958
54.709872
55.050162
55.384872
55.712182
56.030425
56.338092
56.633841
56.916507
57.185099
57.438808
57.677006
57.899242
58.105241
58.294899
58.468272
58.625573
58.767159
58.893519
59.005262
59.103106
59.187858
59.260404
59.321690
59.372708
59.414478
59.448032
59.474398
59.494584
59.509566
59.520267
59.527548
59.532193
59.534897
59.536246
59.536683
59.536326
59.532199
59.505170
59.535648
59.536645
59.536529
59.535618
59.533566
59.529841
59.523793
59.514675
59.501657
59.483840
59.460270
59.429951
59.391861
59.344967
59.288241
59.220676
59.141305
59.049213
58.943555
58.823572
58.688606
58.538114
58.371678
58.189022
57.990020
57.774704
57.543275
57.296106
57.033747
56.756930
56.466565
56.163743
55.849731
55.525964
55.194044
54.855725
54.512909
54.167623
53.822018
53.478342
53.138930
52.806182
52.482547
52.170499
51.872518
51.591067
51.328574
51.087402
50.869837
50.678056
50.514110
50.379903
50.277170
50.207456
50.172097
50.172202
50.208637
50.282000
50.392611
50.540492
50.725343
50.946527
51.203035
51.493457
51.815929
52.168057
52.546811
52.948336
53.367654
53.798136
54.230526
54.651019
55.037135
55.347731
55.494600
55.238488
53.588450
34.151258
68.712109
64.355422
63.631438
63.621047
63.864023
64.218523
64.625111
65.053639
65.486601
65.912739
66.324241
66.715366
67.081732
67.419911
67.727199
68.001470
68.241087
68.444838
68.611899
68.741797
68.834391
68.889848
68.908625
68.891452
68.839313
68.753430
68.635243
68.486390
68.308691
68.104123
67.874803
67.622962
67.350926
67.061094
66.755914
66.437860
66.109412
65.773037
65.431163
65.086160
64.740325
64.395862
64.054865
63.719303
63.391009
63.071663
62.762791
62.465747
62.181714
61.911697
61.656519
61.416825
61.193079
60.985571
60.794419
60.619578
60.460847
60.317882
60.190202
60.077205
59.978183
59.892334
59.818775
59.756565
59.704714
59.662203
59.627998
59.601070
59.580406
59.565029
59.554009
59.546478
59.541644
59.538806
59.537366
59.536867
59.537145
59.540395
59.598377
59.538109
59.536921
59.536978
59.537817
59.539763
59.543335
59.549178
59.558031
59.570719
59.588137
59.611237
59.641011
59.678482
59.724684
59.780647
59.847379
59.925855
60.016995
60.121649
60.240586
60.374472
60.523862
60.689183
60.870724
61.068624
61.282862
61.513252
61.759434
62.020872
62.296847
62.586463
62.888643
63.202132
63.525505
63.857173
64.195391
64.538269
64.883784
65.229795
65.574056
65.914239
66.247943
66.572722
66.886101
67.185596
67.468738
67.733096
67.976295
68.196044
68.390151
68.556553
68.693333
68.798738
68.871207
68.909384
68.912140
68.878590
68.808112
68.700362
68.555296
68.373186
68.154644
67.900646
67.612572
67.292248
66.942026
66.564882
66.164602
65.746061
65.315738
64.882634
64.460097
64.069690
63.750462
63.584907
63.791652
65.234481
79.017524
49.357991
54.585869
55.417216
55.459745
55.229722
54.880986
54.476796
54.048829
53.615311
53.187877
52.774560
52.381240
52.012394
51.671518
51.361372
51.084126
50.841455
50.634604
50.464428
50.331427
50.235768
50.177307
50.155611
50.169968
50.219414
50.302744
50.418534
50.565157
50.740807
50.943516
51.171175
51.421560
51.692348
51.981144
52.285500
52.602940
52.930982
53.267155
53.609025
53.954212
54.300412
54.645411
54.987103
55.323506
55.652776
55.973215
56.283287
56.581619
56.867016
57.138456
57.395101
57.636291
57.861547
58.070566
58.263215
58.439527
58.599692
58.744042
58.873050
58.987306
59.087514
59.174469
59.249047
59.312189
59.364881
59.408142
59.443006
59.470504
59.491651
59.507431
59.518777
59.526563
59.531590
59.534566
59.536100
59.536663
59.536457
59.533850
59.369781
59.535171
59.536592
59.536595
59.535826
59.533984
59.530559
59.524918
59.516324
59.503961
59.486937
59.464303
59.435068
59.398210
59.352695
59.297492
59.231587
59.154002
59.063813
58.960159
58.842267
58.709459
58.561171
58.396965
58.216541
58.019747
57.806590
57.577243
57.332054
57.071545
56.796419
56.507560
56.206033
55.893079
55.570111
55.238707
54.900602
54.557677
54.211946
53.865544
53.520711
53.179773
52.845125
52.519216
52.204521
51.903526
51.618704
51.352494
51.107277
50.885356
50.688931
50.520080
50.380735
50.272662
50.197442
50.156449
50.150830
50.181494
50.249083
50.353965
50.496208
50.675567
50.891457
51.142930
51.428640
51.746795
52.095088
52.470593
52.869596
53.287316
53.717424
54.151158
54.575610
54.970079
55.297469
55.480521
55.318982
54.055627
43.679318
71.006120
64.638038
63.685553
63.608121
63.824283
64.166864
64.568459
64.995750
65.429752
65.858433
66.273531
66.669022
67.040331
67.383890
67.696885
67.977102
68.222824
68.432776
68.606070
68.742179
68.840910
68.902382
68.927009
68.915479
68.868738
68.787976
68.674599
68.530222
68.356638
68.155806
67.929825
67.680915
67.411393
67.123652
66.820138
66.503329
66.175710
65.839756
65.497907
65.152550
64.805998
64.460477
64.118102
63.780868
63.450633
63.129107
62.817844
62.518228
62.231472
61.958612
61.700503
61.457817
61.231050
61.020519
60.826369
60.648581
60.486979
60.341237
60.210896
60.095373
59.993973
59.905905
59.830298
59.766216
59.712675
59.668656
59.633126
59.605051
59.583412
59.567224
59.555547
59.547499
59.542275
59.539155
59.537524
59.536897
59.537034
59.539157
60.843857
59.538697
59.536986
59.536921
59.537622
59.539364
59.542644
59.548089
59.556426
59.568470
59.585106
59.607279
59.635980
59.672230
59.717062
59.771512
59.836594
59.913291
60.002535
60.105190
60.222040
60.353771
60.500957
60.664046
60.843352
61.039038
61.251110
61.479408
61.723598
61.983173
62.257442
62.545534
62.846398
63.158806
63.481358
63.812486
64.150465
64.493425
64.839358
65.186136
65.531527
65.873207
66.208782
66.535807
66.851805
67.154287
67.440775
67.708826
67.956049
68.180134
68.378867
68.550160
68.692065
68.802799
68.880767
68.924576
68.933056
68.905281
68.840584
68.738576
68.599162
68.422564
68.209338
67.960404
67.677075
67.361108
67.014767
66.640928
66.243237
65.826380
65.396545
64.962258
64.536017
64.137703
63.802592
63.603139
63.723178
64.829965
72.952253
46.353728
54.264128
55.353992
55.469404
55.268085
54.932072
54.533282
54.106786
53.672375
53.242497
52.825653
52.428017
52.054264
51.708034
51.392198
51.109017
50.860244
50.647192
50.470778
50.331556
50.229746
50.165253
50.137686
50.146378
50.190399
50.268580
50.379528
50.521643
50.693144
50.892082
51.116366
51.363783
51.632021
51.918689
52.221343
52.537503
52.864682
53.200400
53.542213
53.887725
54.234613
54.580645
54.923691
55.261745
55.592936
55.915539
56.227987
56.528881
56.816991
57.091268
57.350841
57.595021
57.823300
58.035345
58.230998
58.410265
58.573311
58.720448
58.852128
58.968925
59.071526
59.160714
59.237357
59.302386
59.356785
59.401569
59.437774
59.466434
59.488571
59.505174
59.517190
59.525505
59.530932
59.534198
59.535930
59.536624
59.536552
59.534801
57.456998
59.534436
59.536513
59.536643
59.536008
59.534363
59.531224
59.525972
59.517885
59.506157
59.489904
59.468186
59.440013
59.404367
59.360211
59.306511
59.242247
59.166433
59.078133
58.976473
58.860663
58.730008
58.583924
58.421951
58.243765
58.049190
57.838207
57.610963
57.367776
57.109143
56.835740
56.548423
56.248231
55.936378
55.614255
55.283416
54.945575
54.602595
54.256474
53.909333
53.563399
53.220992
52.884502
52.556375
52.239089
51.935134
51.646991
51.377112
51.127894
50.901656
50.700623
50.526897
50.382439
50.269047
50.188335
50.141713
50.130371
50.155256
50.217057
50.316187
50.452763
50.626591
50.837141
51.083522
51.364453
51.678213
52.022578
52.394725
52.791071
53.207024
53.636533
54.071293
54.499204
54.901156
55.243572
55.458417
55.376563
54.407244
47.872673
75.094566
65.005350
63.758804
63.601981
63.787393
64.116397
64.512163
64.937739
65.372482
65.803506
66.222059
66.621815
66.997994
67.346880
67.665548
67.951687
68.203507
68.419660
68.599198
68.741537
68.846432
68.913954
68.944471
68.938630
68.897341
68.821756
68.713253
68.573415
68.404014
68.206988
67.984419
67.738512
67.471577
67.186000
66.884225
66.568731
66.242010
65.906544
65.564784
65.219132
64.871921
64.525393
64.181688
63.842824
63.510687
63.187015
62.873389
62.571223
62.281763
62.006073
61.745038
61.499364
61.269574
61.056013
60.858854
60.678104
60.513611
60.365071
60.232046
60.113969
60.010161
59.919844
59.842158
59.776173
59.720909
59.675351
59.638464
59.609211
59.586569
59.569543
59.557183
59.548595
59.542961
59.539544
59.537708
59.536944
59.536954
59.538410
59.732191
59.539631
59.537080
59.536882
59.537453
59.539003
59.542005
59.547069
59.554909
59.566328
59.582202
59.603471
59.631120
59.666169
59.709653
59.762609
59.826058
59.900993
59.988354
60.089021
60.203793
60.333373
60.478355
60.639211
60.816276
61.009738
61.219629
61.445815
61.687991
61.945676
62.218206
62.504739
62.804249
63.115535
63.437219
63.767758
64.105447
64.448434
64.794730
65.142220
65.488682
65.831802
66.169191
66.498406
66.816968
67.122383
67.412166
67.683861
67.935064
68.163444
68.366768
68.542919
68.689924
68.805969
68.889422
68.938854
68.953058
68.931064
68.872162
68.775917
68.642185
68.471137
68.263274
68.019459
67.740942
67.429409
67.087042
66.716615
66.321645
65.906638
65.477509
65.042350
64.612884
64.207493
63.858161
63.628859
63.675499
64.523420
69.888104
40.485766
53.843311
55.269675
55.471748
55.303397
54.981873
54.589362
54.164835
53.729840
53.297724
52.877499
52.475650
52.097065
51.745535
51.424046
51.134953
50.880089
50.660836
50.478173
50.332712
50.224725
50.154166
50.120688
50.123667
50.162211
50.235186
50.341231
50.478774
50.646058
50.841155
51.061992
51.306369
51.571983
51.856451
52.157329
52.472138
52.798385
53.133582
53.475274
53.821049
54.168570
54.515581
54.859933
55.199594
55.532668
55.857401
56.172198
56.475629
56.766435
57.043535
57.306028
57.553196
57.784499
57.999578
58.198244
58.380481
58.546426
58.696372
58.830749
58.950113
59.055136
59.146588
59.225326
59.292275
59.348412
59.394752
59.432329
59.462182
59.485337
59.502792
59.515504
59.524369
59.530216
59.533789
59.535732
59.536567
59.536618
59.535399
59.468828
59.533222
59.536402
59.536673
59.536165
59.534707
59.531838
59.526958
59.519360
59.508247
59.492745
59.471920
59.444789
59.410332
59.367515
59.315299
59.252659
59.178600
59.092175
58.992497
58.878762
58.750255
58.606374
58.446635
58.270693
58.078347
57.869552
57.644428
57.403268
57.146538
56.874888
56.589148
56.290329
55.979620
55.658387
55.328161
54.990636
54.647655
54.301199
53.953374
53.606398
53.262579
52.924305
52.594017
52.274194
51.967332
51.675921
51.402421
51.149246
50.918733
50.713129
50.534560
50.385015
50.266323
50.180133
50.127892
50.110827
50.129928
50.185927
50.279283
50.410164
50.578424
50.783587
51.024822
51.300909
51.610197
51.950544
52.319225
52.712786
53.126808
53.555504
53.990989
54.421899
54.830541
55.186419
55.429315
55.415214
54.675071
50.202259
84.205211
65.489547
63.855369
63.603734
63.753769
64.067314
64.456326
64.879668
65.314832
65.747985
66.169844
66.573759
66.954730
67.308889
67.633190
67.925229
68.183134
68.405488
68.591279
68.739866
68.850951
68.924555
68.961003
68.960898
68.925111
68.854760
68.751190
68.615957
68.450807
68.257657
68.038570
67.795741
67.531465
67.248125
66.948162
66.634055
66.308301
65.973389
65.631783
65.285898
64.938083
64.590602
64.245616
63.905167
63.571168
63.245382
62.929422
62.624731
62.332585
62.054078
61.790127
61.541467
61.308651
61.092054
60.891877
60.708151
60.540748
60.389390
60.253656
60.132999
60.026754
59.934158
59.854360
59.786440
59.729421
59.682292
59.644016
59.613556
59.589880
59.571989
59.558921
59.549771
59.543706
59.539973
59.537919
59.537011
59.536900
59.537925
59.570793
59.541248
59.537211
59.536860
59.537307
59.538677
59.541415
59.546115
59.553476
59.564289
59.579423
59.599809
59.626428
59.660297
59.702453
59.753934
59.815770
59.888957
59.974450
60.073141
60.185843
60.313277
60.456059
60.614679
60.789497
60.980725
61.188421
61.412478
61.652617
61.908385
62.179147
62.464086
62.762204
63.072325
63.393096
63.722997
64.060345
64.403307
64.749910
65.098055
65.445532
65.790034
66.129180
66.460527
66.781596
67.089891
67.382918
67.658209
67.913346
68.145981
68.353857
68.534835
68.686913
68.808247
68.897170
68.952218
68.972144
68.955937
68.902843
68.812381
68.684359
68.518896
68.316443
68.077801
67.804160
67.497136
67.158832
66.791923
66.399802
65.986804
65.558592
65.122852
64.690606
64.278893
63.916815
63.661128
63.645102
64.289100
68.063570
24.399073
53.283279
55.159511
55.465567
55.335213
55.030183
54.644927
54.222911
53.787666
53.353532
52.930078
52.524126
52.140788
51.784015
51.456913
51.161933
50.900990
50.675537
50.486617
50.334900
50.220711
50.144053
50.104626
50.101845
50.134861
50.202575
50.303655
50.436562
50.599561
50.790748
51.008066
51.249330
51.512248
51.794442
52.093472
52.406858
52.732103
53.066712
53.408217
53.754196
54.102291
54.450228
54.795837
55.137061
55.471977
55.798805
56.115922
56.421865
56.715348
56.995258
57.260664
57.510815
57.745144
57.963261
58.164952
58.350171
58.519035
58.671810
58.808907
58.930865
59.038338
59.132085
59.212950
59.281851
59.339759
59.387686
59.426668
59.457744
59.481946
59.500281
59.513713
59.523152
59.529441
59.533338
59.535506
59.536491
59.536660
59.535798
59.516495
59.531001
59.536249
59.536686
59.536299
59.535016
59.532404
59.527880
59.520752
59.510234
59.495463
59.475511
59.449398
59.416111
59.374612
59.323860
59.262825
59.190505
59.105940
59.008234
58.896563
58.770199
58.628517
58.471015
58.297323
58.107215
57.900621
57.677636
57.438523
57.183723
56.913857
56.629728
56.332320
56.022797
55.702499
55.372935
55.035777
54.692847
54.346111
53.997659
53.649697
53.304526
52.964524
52.632132
52.309829
52.000115
51.705486
51.428415
51.171328
50.936582
50.726443
50.543064
50.388460
50.264491
50.172838
50.114986
50.092200
50.105512
50.155697
50.243261
50.368417
50.531073
50.730807
50.966842
51.238021
51.542762
51.879002
52.244113
52.634762
53.046698
53.474377
53.910303
54.343781
54.758393
55.126342
55.394076
55.438046
54.880196
51.664462
120.886630
66.141347
63.980685
63.614710
63.723890
64.019833
64.401063
64.821604
65.256842
65.691897
66.116907
66.524867
66.910549
67.269922
67.599815
67.897728
68.161705
68.390257
68.582308
68.737159
68.854458
68.934178
68.976595
68.982271
68.952038
68.886977
68.788401
68.657837
68.497005
68.307800
68.092267
67.852587
67.591045
67.310016
67.011937
66.699289
66.374571
66.040282
65.698894
65.352837
65.004477
64.656096
64.309878
63.967890
63.632068
63.304205
62.985940
62.678749
62.383935
62.102626
61.835768
61.584127
61.348285
61.128646
60.925440
60.738724
60.568395
60.414197
60.275730
60.152466
60.043757
59.948852
59.866912
59.797023
59.738218
59.689484
59.649789
59.618089
59.593352
59.574567
59.560765
59.551030
59.544513
59.540447
59.538161
59.537097
59.536869
59.537593
59.550149
59.544417
59.537391
59.536857
59.537184
59.538384
59.540872
59.545224
59.552125
59.562352
59.576766
59.596290
59.621901
59.654612
59.695460
59.745487
59.805726
59.877183
59.960823
60.057549
60.168190
60.293485
60.434068
60.590451
60.763017
60.952003
61.157491
61.379401
61.617482
61.871307
62.140270
62.423581
62.720269
63.029183
63.348997
63.678212
64.015168
64.358052
64.704908
65.053652
65.402085
65.747912
66.088755
66.422178
66.745699
67.056820
67.353038
67.631876
67.890901
68.127748
68.340139
68.525912
68.683035
68.809635
68.904012
68.964666
68.990311
68.979895
68.932621
68.847961
68.725676
68.565835
68.368833
68.135418
67.866716
67.564276
67.230121
66.866833
66.477686
66.066850
65.639754
65.203710
64.769098
64.351754
63.978243
63.699154
63.629223
64.109567
66.870220
-184.126952
52.518994
55.017251
55.449395
55.363018
55.076776
54.699857
54.280945
53.845808
53.409892
52.983369
52.573431
52.185424
51.823468
51.490794
51.189955
50.922948
50.691299
50.496115
50.338126
50.217711
50.134922
50.089506
50.080922
50.108360
50.170755
50.266812
50.395018
50.553666
50.740873
50.954600
51.192679
51.452826
51.732673
52.029782
52.341674
52.665847
52.999800
53.341054
53.687174
54.035784
54.384594
54.731409
55.074150
55.410868
55.739757
56.059162
56.367594
56.663734
56.946438
57.214746
57.467877
57.705232
57.926393
58.131117
58.319333
58.491132
58.646758
58.786599
58.911176
59.021128
59.117199
59.200223
59.271107
59.330818
59.380366
59.420783
59.453114
59.478393
59.497635
59.511814
59.521851
59.528602
59.532841
59.535249
59.536395
59.536682
59.536076
59.527339
59.526256
59.536036
59.536680
59.536412
59.535293
59.532924
59.528740
59.522063
59.512121
59.498060
59.478959
59.453845
59.421705
59.381503
59.332195
59.272747
59.202148
59.119430
59.023682
58.914067
58.789839
58.650355
58.495090
58.323652
58.135791
57.931412
57.710581
57.473537
57.220693
56.952641
56.670156
56.374198
56.065902
55.746584
55.417730
55.080988
54.738163
54.391202
54.042180
53.693289
53.346822
53.005151
52.670712
52.345986
52.033473
51.735679
51.455086
51.194134
50.955198
50.740563
50.552406
50.392771
50.263547
50.166448
50.102995
50.074492
50.082012
50.126372
50.208124
50.327531
50.484549
50.678808
50.909591
51.175800
51.475922
51.807971
52.169410
52.557025
52.966723
53.393188
53.829286
54.264934
54.684854
55.063632
55.353430
55.447520
55.037167
52.652772
-64.181751
67.045568
64.141968
63.636524
63.698308
63.974194
64.346498
64.763619
65.198559
65.635274
66.063266
66.475153
66.865461
67.229985
67.565428
67.869186
68.139219
68.373965
68.572282
68.733412
68.856950
68.942815
68.991239
69.002741
68.978112
68.918396
68.824873
68.699041
68.542594
68.357404
68.145498
67.909039
67.650305
67.371659
67.075538
66.764420
66.440810
66.107210
65.766106
65.419940
65.071093
64.721868
64.374469
64.030986
63.693382
63.363478
63.042940
62.733274
62.435813
62.151717
61.881961
61.627343
61.388475
61.165791
60.959546
60.769827
60.596554
60.439496
60.298274
60.172377
60.061175
59.963931
59.879817
59.807929
59.747304
59.696934
59.655787
59.622817
59.596988
59.577282
59.562720
59.552375
59.545385
59.540968
59.538433
59.537204
59.536857
59.537359
59.543736
59.552002
59.537642
59.536873
59.537082
59.538122
59.540375
59.544395
59.550852
59.560514
59.574228
59.592911
59.617535
59.649109
59.688670
59.737263
59.795925
59.865669
59.947470
60.042244
60.150834
60.273996
60.412384
60.566530
60.736839
60.923574
61.126841
61.346587
61.582589
61.834447
62.101581
62.383230
62.678450
62.986117
63.304929
63.633411
63.969925
64.312677
64.659731
65.009017
65.358350
65.705443
66.047927
66.383368
66.709285
67.023176
67.322533
67.604868
67.867735
68.108751
68.325619
68.516151
68.678291
68.810135
68.909949
68.976199
69.007558
69.002936
68.961492
68.882652
68.766130
68.611944
68.420437
68.192300
67.928598
67.630813
67.300892
66.941326
66.555272
66.146748
65.720960
65.284873
64.848282
64.425938
64.042171
63.742266
63.625660
63.972588
66.041884
109.004535
51.437670
54.834520
55.421445
55.386215
55.121391
54.754022
54.338862
53.904220
53.466771
53.037353
52.623549
52.230963
51.863887
51.525687
51.219017
50.945963
50.708122
50.506670
50.342395
50.215730
50.126780
50.075338
50.060907
50.082717
50.139740
50.230713
50.354156
50.508385
50.691542
50.901608
51.136428
51.393732
51.671158
51.966273
52.276598
52.599629
52.932857
53.273795
53.619993
53.969060
54.318687
54.666658
55.010870
55.349349
55.680261
56.001923
56.312817
56.611593
56.897078
57.168277
57.424382
57.664763
57.888972
58.096739
58.287964
58.462714
58.621210
58.763819
58.891042
59.003501
59.101925
59.187138
59.260038
59.321585
59.372785
59.414670
59.448286
59.474673
59.494850
59.509802
59.520461
59.527695
59.532296
59.534960
59.536277
59.536685
59.536275
59.531452
59.512977
59.535738
59.536654
59.536504
59.535540
59.533400
59.529540
59.523297
59.513912
59.500540
59.482269
59.458131
59.427117
59.388191
59.340308
59.282428
59.213533
59.132646
59.038844
58.931275
58.809177
58.671886
58.518858
58.349678
58.164073
57.961920
57.743262
57.508307
57.257443
56.991234
56.710428
56.415955
56.108927
55.790633
55.462536
55.126262
54.783594
54.436462
54.086926
53.737165
53.389460
53.046177
52.709749
52.382655
52.067400
51.766494
51.482429
51.217659
50.974575
50.755483
50.562584
50.397946
50.263490
50.160964
50.091921
50.057706
50.059430
50.097956
50.173880
50.287511
50.438857
50.627601
50.853081
51.114260
51.409691
51.737464
52.095133
52.479596
52.886909
53.311974
53.747989
54.185432
54.610055
54.998548
55.307996
55.445616
55.156346
53.353875
28.527102
68.355603
64.348995
63.671159
63.677671
63.930674
64.292770
64.705792
65.140031
65.578146
66.008945
66.424633
66.819476
67.189086
67.530032
67.839604
68.115676
68.356609
68.561197
68.728621
68.858418
68.950459
69.004928
69.022299
69.003322
68.949006
68.860596
68.739559
68.587563
68.406457
68.198248
67.965085
67.709230
67.433042
67.138952
66.829437
66.507004
66.174164
65.833410
65.487197
65.137923
64.787909
64.439379
64.094449
63.755106
63.423196
63.100417
62.788302
62.488216
62.201348
61.928706
61.671116
61.429223
61.203489
60.994198
60.801463
60.625231
60.465293
60.321292
60.192737
60.079014
59.979401
59.893082
59.819163
59.756685
59.704647
59.662016
59.627745
59.600794
59.580138
59.564789
59.553810
59.546326
59.541538
59.538740
59.537333
59.536863
59.537189
59.540939
59.578657
59.537999
59.536908
59.537000
59.537890
59.539920
59.543624
59.549656
59.558771
59.571806
59.589669
59.613327
59.643786
59.682082
59.729261
59.786364
59.854413
59.934390
60.027224
60.133774
60.254811
60.391006
60.542915
60.710964
60.895440
61.096475
61.314041
61.547943
61.797808
62.063085
62.343040
62.636756
62.943135
63.260900
63.588601
63.924623
64.267192
64.614389
64.964161
65.314336
65.662638
66.006705
66.344106
66.672362
66.988968
67.291411
67.577193
67.843854
68.088995
68.310300
68.505558
68.672685
68.809748
68.914982
68.986814
69.023884
69.025058
68.989452
68.916449
68.805714
68.657216
68.471245
68.248435
67.989794
67.696734
67.371130
67.015382
66.632539
66.226471
65.802174
65.366293
64.928085
64.501322
64.108355
63.789890
63.632631
63.869327
65.443653
82.193241
49.825083
54.599827
55.379512
55.404105
55.163739
54.807276
54.396579
53.962850
53.524138
53.092006
52.674466
52.277392
51.905265
51.561586
51.249118
50.970034
50.726009
50.518285
50.347711
50.214776
50.119635
50.062131
50.041810
50.057942
50.109538
50.195370
50.313986
50.463731
50.642770
50.849103
51.080592
51.334978
51.609909
51.902957
52.211643
52.533460
52.865896
53.206450
53.552662
53.902127
54.252515
54.601590
54.947226
55.287424
55.620322
55.944209
56.257539
56.558929
56.847177
57.121257
57.380330
57.623735
57.850996
58.061813
58.256060
58.433778
58.595163
58.740562
58.870456
58.985450
59.086258
59.173691
59.248638
59.312054
59.364938
59.408324
59.443257
59.470781
59.491922
59.507674
59.518979
59.526719
59.531699
59.534635
59.536135
59.536669
59.536420
59.533442
59.445323
59.535306
59.536607
59.536576
59.535758
59.533834
59.530283
59.524457
59.515608
59.502906
59.485444
59.462261
59.432351
59.394680
59.348200
59.291869
59.224661
59.145590
59.053720
58.948188
58.828211
58.693110
58.542319
58.375401
58.192058
57.992144
57.775673
57.542828
57.293968
57.029630
56.750535
56.457585
56.151865
55.834639
55.507346
55.171589
54.829132
54.481883
54.131889
53.781314
53.432430
53.087594
52.749235
52.419830
52.101887
51.797922
51.510436
51.241896
50.994708
50.771199
50.573592
50.403983
50.264320
50.156384
50.081764
50.041842
50.037769
50.070452
50.140531
50.248364
50.394006
50.577195
50.797322
51.053412
51.344083
51.667498
52.021300
52.402495
52.807283
53.230768
53.666458
54.105345
54.534113
54.931318
55.258306
55.433941
55.245316
53.867738
41.628942
70.380278
64.615368
63.721074
63.662734
63.889582
64.240031
64.648208
65.081311
65.520550
65.953966
66.373324
66.772605
67.147231
67.493631
67.808985
68.091076
68.338190
68.549051
68.722780
68.858857
68.957104
69.017652
69.040934
69.027659
68.978796
68.895557
68.779378
68.631900
68.454946
68.250506
68.020710
67.767809
67.494153
67.202167
66.894328
66.573144
66.241132
65.900794
65.554597
65.204957
64.854210
64.504602
64.158272
63.817231
63.483355
63.158366
62.843830
62.541141
62.251518
61.976001
61.715448
61.470531
61.241743
61.029398
60.833635
60.654428
60.491591
60.344788
60.213549
60.097279
59.995268
59.906713
59.830730
59.766368
59.712629
59.668481
59.632878
59.604774
59.583139
59.566978
59.555340
59.547339
59.542161
59.539083
59.537486
59.536888
59.537065
59.539472
59.867172
59.538528
59.536967
59.536937
59.537686
59.539506
59.542908
59.548533
59.557119
59.569496
59.586561
59.609275
59.638640
59.675692
59.721477
59.777042
59.843413
59.921582
60.012490
60.117009
60.235928
60.369936
60.519608
60.685395
60.867604
61.066395
61.281766
61.513548
61.761397
62.024789
62.303017
62.595192
62.900243
63.216918
63.543792
63.879272
64.221605
64.568891
64.919093
65.270053
65.619505
65.965096
66.304399
66.634938
66.954204
67.259679
67.548856
67.819263
68.068486
68.294188
68.494135
68.666219
68.808476
68.919110
68.996513
69.039286
69.046257
69.016498
68.949347
68.844422
68.701643
68.521247
68.303814
68.050291
67.762026
67.440819
67.088985
66.709467
66.305993
65.883364
65.447923
65.008438
64.577794
64.176579
63.841531
63.648682
63.793239
64.999847
74.391208
47.218442
54.296955
55.320844
55.415865
55.203488
54.859457
54.454007
54.021646
53.581956
53.147304
52.726164
52.324701
51.947593
51.598487
51.280255
50.995162
50.744962
50.530963
50.354078
50.214853
50.113494
50.049892
50.023639
50.034045
50.080162
50.160793
50.274520
50.419715
50.594567
50.797096
51.025181
51.276577
51.548939
51.839846
52.146820
52.467353
52.798925
53.139030
53.485193
53.834995
54.186087
54.536214
54.883226
55.225099
55.559945
55.886025
56.201761
56.505744
56.796737
57.073687
57.335720
57.582148
57.812463
58.026338
58.223618
58.404319
58.568614
58.716825
58.849415
58.966970
59.070191
59.159875
59.236902
59.302218
59.356820
59.401738
59.438019
59.466711
59.488846
59.505424
59.517400
59.525669
59.531049
59.534273
59.535970
59.536635
59.536525
59.534554
28.559324
59.534650
59.536535
59.536630
59.535949
59.534229
59.530971
59.525544
59.517214
59.505160
59.488486
59.466237
59.437410
59.400972
59.355876
59.301073
59.235535
59.158263
59.068313
58.964805
58.846942
58.714026
58.565471
58.400818
58.219744
58.022079
57.807811
57.577095
57.330263
57.067825
56.790472
56.499081
56.194709
55.878595
55.552152
55.216962
54.874766
54.527456
54.177060
53.825729
53.475723
53.129392
52.789159
52.457501
52.136926
51.829956
51.539101
51.266838
51.015592
50.787707
50.585428
50.410878
50.266034
50.152707
50.072524
50.026901
50.017033
50.043866
50.108085
50.210096
50.350004
50.527598
50.742325
50.993269
51.279111
51.598090
51.947931
52.325746
52.727871
53.149603
53.584738
54.024741
54.457138
54.862147
