7564.042703
6656.188588
5848.904370
5128.011033
4482.430177
3903.352162
3383.649332
2917.454430
2499.852871
2126.655099
1794.226330
1499.358094
1239.170754
1011.039255
812.536583
641.390847
495.452972
372.672729
271.081364
188.779477
123.929092
74.749076
39.513219
16.550417
4.246486
1.047232
5.462416
16.070359
31.522915
50.550618
71.967803
94.677562
117.676379
140.058349
161.018886
179.857851
195.982062
208.907164
218.258885
223.773703
225.299049
222.793161
216.324842
206.073433
192.329491
175.496878
156.097319
134.779025
112.331884
89.713193
68.090498
48.912677
34.028908
25.891622
27.912860
45.115074
85.381592
162.019967
299.469262
547.449479
1021.506325
2045.854112
4850.065658
17928.639024
976025.593256
34737.300388
6933.683406
2682.533163
1297.776222
689.823187
379.265181
207.993801
111.344270
58.682225
33.798125
27.308045
33.340518
47.956784
68.343296
92.376041
118.375621
144.965571
170.989112
195.460242
217.535667
236.499670
251.757179
262.832040
269.368587
271.135243
268.029273
260.082102
247.464739
230.493014
209.632400
185.502239
158.879281
130.700445
102.064790
74.234682
48.636189
26.858794
10.654502
1.936508
2.777589
15.408459
42.216371
85.744302
148.691137
233.913373
344.428927
483.423826
654.262669
860.504019
1105.922125
1394.536776
1730.653562
2118.917493
2564.383840
3072.611274
3649.784174
4302.873398
5039.848364
5869.958436
6804.109267
7855.371254
9039.675014
10376.776715
11891.621106
13616.304722
15592.969214
17878.180365
20549.763713
23717.868525
27543.661237
32272.583489
38297.391872
46287.557310
57483.874609
74470.916811
103666.609298
166603.233151
408029.622377
-951432.415478
-220023.660063
-123877.705232
-85646.151842
-64936.567694
-51837.975994
-42732.704487
-35986.390891
-30753.289637
-26552.261574
-23089.728864
-20176.620903
-17685.825177
-15528.826871
-13642.145497
-11979.087269
-10504.531249
-9191.522526
-8018.981941
-6970.128089
-6031.366632
-5191.493947
-4441.117014
-3772.225077
-3177.869843
-2651.924589
-2188.901552
-1783.812976
-1432.065266
-1129.378571
-871.726069
-655.288664
-476.421822
-331.632008
-217.560741
-130.974686
-68.760522
-27.923536
-5.589103
0.993667
-5.553284
-22.743236
-48.231591
-79.823029
-115.478603
-153.322510
-191.648308
-228.924404
-263.798662
-295.102040
-321.851176
-343.249926
-358.689870
-367.749870
-370.194860
-365.974082
-355.219165
-338.242543
-315.537008
-287.777484
-255.826682
-220.747138
-183.823468
-146.601016
-110.950933
-79.178788
-54.206677
-39.883712
-41.530047
-66.926991
-128.210623
-245.730446
-456.575360
-835.501319
-1554.087905
-3085.033963
-7166.074734
-24981.262251
-691372.809355
-67648.658533
-12105.565496
-4543.998926
-2168.780093
-1144.474974
-626.483208
-342.353503
-182.238890
-94.635442
-52.512786
-40.332568
-48.436296
-70.386876
-101.616676
-138.700869
-178.949990
-220.174463
-260.546041
-298.516013
-332.767692
-362.190130
-385.865204
-403.063179
-413.243605
-416.059485
-411.363304
-399.213944
-379.883800
-353.865591
-321.878521
-284.873537
-244.037507
-200.796217
-156.816153
-114.005054
-74.511315
-40.722340
-15.262005
-0.987459
-0.985518
-18.569025
-57.273564
-120.855066
-213.288898
-338.771175
-501.723198
-706.800093
-958.904975
-1263.210272
-1625.188252
-2050.653313
-2545.819303
-3117.376089
-3772.590863
-4519.441461
-5366.791438
-6324.620124
-7404.325907
-8619.128273
-9984.604922
-11519.416536
-13246.296742
-15193.424088
-17396.355955
-19900.808759
-22766.746760
-26074.555703
-29934.653655
-34502.997725
-40007.185942
-46792.686598
-55409.977070
-66792.144728
-82655.458243
-106535.954178
-147064.252475
-232286.980065
-534334.685808
1886190.142384
341473.120111
186848.231449
127720.317629
96228.386701
76502.153679
62877.429721
52829.360933
45063.062190
38846.600072
33735.508912
29444.597016
25782.680593
22616.929477
19852.250246
17418.792413
15264.073398
13347.845927
11638.655318
10111.472193
8746.029240
7525.630645
6436.286075
5466.072102
4604.655971
3842.937238
3172.776316
2586.787987
2078.184140
1640.654203
1268.274752
955.441883
696.821474
487.313574
322.027950
196.268488
105.524540
45.467714
11.952843
1.022086
8.911304
32.057952
67.109875
110.934476
160.627799
213.523144
267.198917
319.485434
368.470497
412.503600
450.198667
480.435316
502.358679
515.377911
519.163599
513.644410
499.003478
475.675237
444.343741
405.943950
361.668203
312.981187
261.648535
209.787189
159.950835
115.272872
79.706294
58.432240
58.574194
90.493412
170.255426
324.627359
602.039120
1099.231182
2035.599162
4005.071657
9127.707487
30191.425570
533508.130529
116014.804135
18300.701620
6657.572574
3137.963827
1647.500412
901.166885
493.821548
264.486639
138.468212
76.883480
57.533956
66.706485
95.314813
136.947422
186.822385
241.202987
297.060517
351.875885
403.522230
450.196335
490.380162
522.821322
546.525516
560.756514
565.040742
559.174507
543.232486
517.576532
482.864089
440.055744
390.421565
335.545988
277.331115
217.998370
160.088514
106.460103
60.286543
25.051945
4.546083
2.858813
24.374408
73.766378
155.993411
276.297274
440.203610
653.526805
922.380335
1253.194311
1652.742331
2128.180293
2687.100458
3337.604995
4088.404422
4948.948015
5929.595522
7041.842690
8298.617541
9714.670785
11307.092969
13096.004782
15105.487519
17364.852475
19910.397695
22787.880388
26056.064958
29791.930546
34098.515763
39117.098647
45046.787727
52177.377996
60947.284939
72052.149442
86664.655448
106925.793767
137200.038055
187965.223484
292261.487456
637121.038552
-3871977.258285
-479939.641299
-254577.282779
-172003.100941
-128798.651582
-102004.548367
-83617.588048
-70119.539674
-59722.680164
-51423.165321
-44614.428456
-38908.757809
-34047.033389
-29849.665944
-26188.344826
-22968.976245
-20120.960499
-17590.220970
-15334.538574
-13320.349828
-11520.501055
-9912.643256
-8478.066105
-7200.839186
-6067.172194
-5064.933889
-4183.287918
-3412.415915
-2743.306602
-2167.595385
-1677.442976
-1265.444422
-924.561993
-648.076880
-429.555760
-262.829094
-141.978666
-61.332328
-15.464279
0.800501
-7.621189
-36.080229
-80.205846
-135.916779
-199.432367
-267.283047
-336.319866
-403.722666
-467.006683
-524.027392
-572.983458
-612.417797
-641.216777
-658.607723
-664.154997
-657.755076
-639.631254
-610.328845
-570.712184
-521.965267
-465.598760
-403.467466
-337.804558
-271.282555
-207.117300
-149.242346
-102.601582
-73.647017
-71.206981
-108.055658
-203.888521
-391.317246
-728.925511
-1332.713805
-2462.718954
-4811.110561
-10780.444841
-34022.097980
-433750.690760
-189421.210717
-25742.440664
-9049.916988
-4206.966308
-2194.579681
-1197.023883
-655.302812
-350.614907
-182.509870
-99.125939
-71.057583
-80.249809
-114.806424
-166.376890
-228.762895
-297.141543
-367.617954
-436.962200
-502.453470
-561.788673
-613.030717
-654.581676
-685.171697
-703.857784
-710.028653
-703.413068
-684.089871
-652.498472
-609.448906
-556.130813
-494.120911
-425.388655
-352.299910
-277.618539
-204.505952
-136.518678
-77.604171
-32.095104
-4.702514
-0.508251
-24.957298
-83.850639
-183.339506
-329.921985
-530.443160
-792.100243
-1122.454383
-1529.451280
-2021.453178
-2607.285449
-3296.301799
-4098.473219
-5024.507258
-6086.006203
-7295.675473
-8667.597344
-10217.590501
-11963.683624
-13926.742337
-16131.305389
-18606.710650
-21388.629501
-24521.187505
-28059.944491
-32076.163765
-36663.065838
-41945.227972
-48093.140152
-55346.546660
-64053.450708
-74738.590864
-88231.120660
-105921.278790
-130328.899980
-166538.076683
-226561.646620
-347218.053814
-722361.353034
10957156.075486
639250.861642
327619.959480
218672.059444
162728.547959
128391.188442
104983.443401
87879.099983
74749.747736
64296.791678
55739.547613
48580.975840
42489.932099
37237.495469
32660.455829
28639.340437
25084.645078
21927.905441
19115.734491
16605.738225
14363.655860
12361.318877
10575.170348
8985.175627
7574.011575
6326.457407
5228.933809
4269.152611
3435.849980
2718.583447
2107.578181
1593.611630
1167.928203
822.177645
548.372087
338.857862
186.298912
83.669244
24.252344
1.645805
9.769739
42.877741
95.569389
162.803412
239.910788
322.607149
407.004005
489.618359
567.380388
637.638991
698.165026
747.152234
783.215876
805.389300
813.118733
806.256818
785.055630
750.160219
702.604217
643.809668
575.594323
500.191186
420.287725
339.096404
260.475517
189.132211
130.963159
93.633381
87.583468
127.844587
237.464621
454.373695
846.232062
1545.866865
2847.689298
5522.707520
12176.707302
36819.073669
365107.882200
305753.524633
34735.963838
11769.592308
5394.592565
2797.736736
1523.891024
835.759379
449.179706
235.105518
127.465314
89.054871
97.169128
136.930544
197.948727
272.546516
354.774076
439.842233
523.789582
603.285186
675.512512
738.103328
789.102854
826.954672
850.498046
858.972875
852.029044
829.737957
792.604722
741.579849
678.069722
603.945250
521.548371
433.696147
343.682376
255.276723
172.721476
100.726155
44.460285
9.544764
2.042358
28.447990
95.679652
211.070877
382.365975
617.719403
925.700970
1315.308884
1795.993141
2377.692265
3070.887181
3886.676936
4836.882265
5934.184696
7192.311204
8626.277613
10252.708351
12090.256430
14160.156387
16486.955917
19099.490899
22032.197183
25326.896149
29035.259399
33222.267167
37971.154442
43390.642318
49625.782847
56874.710165
65415.421558
75650.370567
88184.419238
103969.420400
124592.932318
152912.137045
194634.413976
263040.530613
397753.584784
794172.253894
46026750.675205
-824456.893822
-406603.260408
-267906.850783
-198089.105937
-155694.524422
-126990.436291
-106114.852659
-90146.243971
-77466.547778
-67108.080191
-58457.228542
-51106.499202
-44774.930857
-39262.649670
-34423.616890
-30148.603067
-26354.175586
-22975.360673
-19960.626723
-17268.377495
-14864.453103
-12720.319344
-10811.737092
-9117.772815
-7620.055729
-6302.216056
-5149.458171
-4148.235554
-3286.003427
-2551.031311
-1932.262177
-1419.208097
-1001.874607
-670.707736
-416.558911
-230.663920
-104.632831
-30.448344
-0.470481
-7.445863
-44.520123
-105.252207
-183.629523
-274.083061
-371.501745
-471.245394
-569.155821
-661.565667
-745.304702
-817.703424
-876.593906
-920.307948
-947.672745
-958.004449
-951.100193
-927.229420
-887.125754
-831.981121
-763.444643
-683.629965
-595.136494
-501.092959
-405.236509
-312.048815
-226.985112
-156.858539
-110.492357
-99.852370
-142.081092
-263.321622
-506.339460
-946.893903
-1732.464917
-3186.362686
-6142.052748
-13345.596169
-38820.701754
-314993.593275
-501200.623549
-45659.532135
-14856.274085
-6704.983952
-3453.378064
-1875.746112
-1028.214936
-552.767541
-288.616915
-154.136637
-103.683541
-109.571593
-153.759099
-223.708925
-310.199224
-406.110519
-505.730073
-604.343692
-697.993723
-783.336397
-857.560129
-918.341903
-963.827711
-992.628111
-1003.823100
-996.972376
-972.128344
-929.849966
-871.216152
-797.837733
-711.867371
-616.006946
-513.512160
-408.194228
-304.418659
-207.101260
-121.701603
-54.214324
-11.158740
0.432587
-26.974410
-101.404219
-231.362416
-425.829430
-694.259027
-1046.583415
-1493.227315
-2045.133826
-2713.805542
-3511.365240
-4450.641509
-5545.286168
-6809.932216
-8260.403717
-9913.992586
-11789.822282
-13909.325439
-16296.872519
-18980.603159
-21993.533324
-25375.043496
-29172.902212
-33446.055752
-38268.536953
-43735.046243
-49969.095778
-57135.196552
-65457.635182
-75250.404762
-86966.868103
-101286.207058
-119272.934701
-142693.345013
-174704.414313
-221551.467637
-297554.483398
-444359.551754
-855461.639168
-9683749.671094
1042408.560068
492276.476837
319923.715617
234973.796575
183965.625831
149671.263300
124850.283332
105930.541780
90947.747075
78733.399919
68549.602091
59907.933622
52472.540197
46005.033734
40331.568542
35322.334381
30878.326534
26922.549861
23394.017005
20243.560042
17430.850163
14922.241042
12689.185697
10707.060322
8954.281912
7411.641379
6061.796980
4888.888588
3878.244100
3016.156830
2289.718078
1686.692849
1195.429545
804.796413
504.139129
283.254976
132.379974
42.185973
3.785254
8.740584
49.078991
117.307839
206.431943
309.970722
421.974511
537.039314
650.319427
757.537483
854.991576
939.559289
1008.698526
1060.445243
1093.408288
1106.761768
1100.235589
1074.105131
1029.181394
966.803590
888.836953
797.679881
696.286491
588.213939
477.709155
369.858701
270.841396
188.352217
132.320808
116.156319
158.976579
289.781527
555.728417
1039.788379
1902.151913
3490.243591
6686.155391
14326.261151
40217.303373
276796.553406
857677.598516
59029.767362
18374.271457
8159.817654
4174.336561
2262.721040
1241.759563
669.997438
351.423427
187.385305
123.107881
125.568794
173.367200
251.705881
349.748888
459.162344
573.279478
686.611268
794.556334
893.229629
979.363865
1050.256342
1103.744418
1138.198985
1152.529068
1146.192911
1119.212379
1072.188487
1006.316486
923.399390
825.859181
716.745154
599.739090
479.157091
359.948085
247.689134
148.577817
69.422103
17.628254
1.187467
28.662116
109.172649
252.386394
468.509787
768.285841
1162.998996
1664.489998
2285.183954
3038.135469
3937.095682
4996.607225
6232.134736
7660.240716
9298.819414
11167.405450
13287.579403
15683.500429
18382.607075
21416.543603
24822.392759
28644.331404
32935.879372
37762.996016
43208.412825
49377.809538
56408.809771
64484.413350
73853.639985
84864.340013
98017.448187
114061.031928
134162.941765
160251.134010
195748.378982
247362.294277
330256.018601
487470.350315
908364.206480
6064758.047065
-1302588.698868
-585502.406839
-374946.380885
-273467.202917
-213242.397574
-173043.963097
-144093.591939
-122105.428052
-104739.958950
-90613.046973
-78854.295436
-68889.513326
-60324.948586
-52881.757562
-46356.990201
-40599.363520
-35493.672738
-30950.450256
-26898.923341
-23282.108002
-20053.323065
-17173.670898
-14610.190094
-12334.484278
-10321.694185
-8549.721198
-6998.637738
-5650.238354
-4487.697991
-3495.312748
-2658.304705
-1962.676834
-1395.107288
-942.874739
-593.808188
-336.256023
-159.070087
-51.601322
-3.704123
-5.747060
-48.627954
-123.791673
-223.249208
-339.596856
-466.034519
-596.382286
-725.094630
-847.271718
-958.667428
-1055.693863
-1135.422249
-1195.580304
-1234.546300
-1251.340300
-1245.613246
-1217.634976
-1168.282652
-1099.031744
-1011.952645
-909.717401
-795.623247
-673.643124
-548.519162
-425.924899
-312.739171
-217.505760
-151.211577
-128.632103
-170.733410
-309.151306
-595.027380
-1117.739273
-2048.452481
-3754.524964
-7155.000700
-15136.982643
-41137.584177
-246700.948694
-1592138.292012
-75518.194067
-22382.432149
-9766.541376
-4957.921344
-2679.116327
-1469.554966
-793.523127
-415.923047
-219.467598
-139.499023
-137.276921
-187.833242
-273.990462
-383.225316
-505.942600
-634.489758
-762.580146
-884.951197
-997.162277
-1095.477904
-1176.804177
-1238.658744
-1279.161875
-1297.040584
-1291.640409
-1262.941175
-1211.574179
-1138.838982
-1046.718536
-937.891728
-815.742751
-684.366899
-548.572625
-413.879833
-286.514555
-173.400304
-82.146569
-21.035040
0.995645
-25.634320
-111.130770
-266.312474
-502.601748
-832.020789
-1267.196134
-1821.374115
-2508.450849
-3343.021036
-4340.450897
-5516.981887
-6889.873589
-8477.596548
-10300.088985
-12379.095736
-14738.613764
-17405.477190
-20410.126860
-23787.627045
-27579.017610
-31833.128456
-36609.041604
-41979.477262
-48035.524960
-54893.376907
-62704.117188
-71668.307963
-82058.351277
-94253.928269
-108800.399791
-126509.629465
-148644.145407
-177277.875475
-216068.587592
-272119.091108
-361267.523610
-527444.194953
-954459.535831
-4692606.532129
1618562.267062
687318.931478
433241.468711
313677.776658
243581.818110
197144.009610
163869.735008
138690.125017
118859.020431
102760.734830
89383.624523
78062.598028
68342.839934
59903.014085
52509.709406
45989.240181
40209.548421
35068.225848
30484.372834
26392.936488
22740.693732
19483.351993
16583.425554
14008.660701
11730.856003
9724.971673
7968.453496
6440.718161
5122.761405
3996.860633
3046.350808
2255.457635
1609.175730
1093.182264
693.778560
397.853671
192.865126
66.832896
8.343365
6.560593
51.242625
132.760960
242.121568
370.986113
511.692253
657.272087
801.467981
938.745192
1064.300848
1174.069007
1264.721697
1333.665978
1379.037307
1399.689666
1395.183261
1365.770887
1312.384620
1236.625147
1140.757065
1027.715009
901.127825
765.371772
625.669918
488.265383
360.714359
252.377890
175.253626
145.410906
185.545324
329.723708
632.697773
1189.520668
2180.782092
3990.120393
7563.683644
15808.034201
41693.243904
222371.403400
3437456.918658
96055.526772
26968.550261
11550.650461
5817.974398
3135.417267
1720.840197
932.035395
490.533483
258.651225
161.035241
152.816939
205.239007
298.616067
418.660297
554.465936
697.361549
840.239278
977.157430
1103.105198
1213.866258
1305.943913
1376.525000
1423.468213
1445.307527
1441.264561
1411.265628
1355.960564
1276.741242
1175.758328
1055.935219
920.978488
775.384383
624.441168
474.227261
331.605354
204.212793
100.448741
29.458765
1.117708
26.011895
115.421945
281.307727
536.297290
893.681965
1367.420263
1972.153722
2723.238557
3636.797784
4729.799624
6020.169415
7526.944184
9270.481562
11272.738195
13557.637509
16151.553267
19083.944503
22388.190551
26102.693712
30272.344819
34950.488236
40201.585570
46104.874731
52759.475486
60291.644195
68865.301785
78697.687836
90083.301152
103431.733245
119329.805252
138648.409706
162736.706321
193800.170136
235703.662181
295885.642344
390714.945780
564605.376478
994964.744417
3970434.396551
-2010383.089089
-798945.084160
-495090.516719
-355706.693495
-275028.202019
-221992.413054
-184188.470969
-155688.312953
-133305.048556
-115174.357458
-100134.026691
-87422.632008
-76520.958824
-67063.040893
-58783.587319
-51485.539900
-45019.308035
-39269.056764
-34143.405676
-29568.971414
-25485.793158
-21844.035146
-18601.574057
-15722.211519
-13174.336102
-10929.913746
-8963.721693
-7252.765381
-5775.834451
-4513.165637
-3446.188529
-2557.336066
-1829.905845
-1247.961480
-796.265525
-460.237215
-225.929599
-80.021626
-9.821553
-3.278646
-49.000639
-136.274828
-255.091006
-396.164724
-550.959621
-711.707763
-871.427142
-1023.935681
-1163.861221
-1286.647217
-1388.553965
-1466.655440
-1518.832003
-1543.759508
-1540.895611
-1510.464531
-1453.441984
-1371.542816
-1267.214875
-1143.644354
-1004.780292
-855.389962
-701.163400
-548.896423
-406.800745
-285.024566
-196.532160
-158.618525
-195.597831
-343.778010
-661.177194
-1247.860492
-2292.456234
-4191.692496
-7910.522883
-16350.374406
-41955.764958
-202279.586467
-10229180.155668
-121909.855451
-32220.433240
-13524.016339
-6752.935161
-3626.311900
-1988.937910
-1078.264645
-567.693321
-297.215910
-179.902266
-164.314763
-217.669770
-317.638696
-448.087645
-596.748639
-753.896844
-911.578752
-1063.155107
-1203.030046
-1326.493591
-1429.634569
-1509.297875
-1563.069665
-1589.279873
-1587.015006
-1556.136430
-1497.300808
-1411.980357
-1302.481254
-1171.959026
-1024.430126
-864.779195
-698.761752
-533.002263
-374.987745
-233.057249
-116.387731
-34.977045
0.375032
-21.913392
-114.187081
-289.536637
-561.785682
-945.484624
-1455.913846
-2109.099762
-2921.847859
-3911.797822
-5097.506976
-6498.569873
-8135.783845
-10031.373142
-12209.287921
-14695.599430
-17519.019749
-20711.584235
-24309.548826
-28354.574418
-32895.300075
-37989.450640
-43706.691000
-50132.542344
-57373.839205
-65566.471528
-74886.599653
-85567.295315
-97923.930431
-112394.186701
-129603.549068
-150477.472582
-176444.271325
-209827.703933
-254674.432642
-318705.717303
-418697.242777
-599220.490723
-1030808.923648
-3524744.746076
2509059.088570
921862.601544
560826.741684
399680.822493
307645.489943
247627.829619
205076.408754
173120.154309
148094.453432
127867.996861
111118.065286
96981.147047
84870.112454
74372.121554
65188.519646
57097.864701
49932.326747
43562.139610
37885.075411
32819.149697
28297.461551
24264.479025
20673.324381
17483.764638
14660.708554
12173.073189
9992.924188
8094.821485
6455.321061
5052.596512
3866.153421
2876.616186
2065.571701
1415.457833
909.487186
531.598642
266.430584
99.310880
16.259564
4.000854
49.981667
142.394300
270.201249
423.160517
591.849977
767.689647
942.960906
1110.821924
1265.318741
1401.391640
1514.876646
1602.502197
1661.881272
1691.499503
1690.700162
1659.667322
1599.409040
1511.743238
1399.290065
1265.476267
1114.559738
951.686613
783.000205
615.832610
459.030036
323.499061
223.128757
176.375576
209.068583
359.580727
688.880857
1301.443768
2392.698708
4369.678044
8209.158292
16788.205296
41994.635783
185404.395481
87296283.304472
154891.075849
38261.841073
15717.277402
7777.914324
4162.711026
2283.261215
1240.983644
655.863282
343.454010
204.293615
179.901443
233.214411
339.117022
479.543248
640.808661
812.099012
984.589813
1150.925274
1304.909291
1441.325237
1555.835694
1644.932443
1705.918145
1736.907700
1736.841342
1705.504082
1643.547735
1552.512919
1434.849147
1293.931712
1134.074456
960.537853
779.532123
598.215289
424.686347
267.973889
138.020754
45.665460
2.621401
21.455053
115.564645
299.161121
587.253497
995.641193
1540.916391
2240.480085
3112.576291
4176.349841
5451.934462
6960.579497
8724.825800
10768.744243
13118.254206
15801.544811
18849.629052
22297.071437
26182.944484
30552.090729
35456.798022
40959.042157
47133.521070
54071.813219
61888.164291
70727.684304
80778.200636
92287.809743
105591.591848
121153.593490
139635.326245
162012.622521
189786.000753
225385.304205
273016.066723
340635.426197
445319.634666
631537.091685
1062737.568613
3222197.281967
-3165151.332645
-1057849.209794
-630808.711920
-445721.827621
-341485.569279
-274074.680658
-226545.059969
-190990.319382
-163227.952018
-140839.931017
-122332.434469
-106733.765478
-93385.172646
-81824.586982
-71718.437584
-62819.843782
-54942.000918
-47940.687841
-41702.449207
-36136.419457
-31168.548496
-26737.450274
-22791.372198
-19285.954017
-16182.552821
-13446.980644
-11048.547300
-8959.332062
-7153.629017
-5607.525633
-4298.584466
-3205.605311
-2308.450474
-1587.919735
-1025.664482
-604.132647
-306.537737
-116.846477
-19.780600
-0.829038
-46.267427
-143.182302
-279.497786
-444.002929
-626.378131
-817.219375
-1008.059206
-1191.383650
-1360.644429
-1510.266089
-1635.647837
-1733.160114
-1800.136195
-1834.859379
-1836.546685
-1805.330438
-1742.239704
-1649.184384
-1528.945968
-1385.180780
-1222.444293
-1046.249506
-863.179569
-681.086894
-509.431900
-359.852032
-247.121481
-190.797697
-218.127729
-369.386272
-708.202934
-1342.915607
-2474.649138
-4518.310237
-8456.634696
-17127.425747
-41849.821608
-171016.549284
-150617748.041530
-197596.932285
-45225.591030
-18148.306142
-8892.778373
-4739.770560
-2597.321194
-1413.010519
-747.527555
-389.671178
-226.410940
-191.713368
-243.965534
-355.112462
-505.065115
-678.665658
-863.972823
-1051.264879
-1232.449971
-1400.716231
-1550.327211
-1676.507376
-1775.384184
-1843.965832
-1880.141209
-1882.693143
-1851.318915
-1786.653845
-1690.295040
-1564.823201
-1413.821043
-1241.887311
-1054.645760
-858.748749
-661.875360
-472.724190
-301.001193
-157.403145
-53.597563
-2.200112
-16.750820
-111.690677
-302.340540
-604.884621
-1036.361290
-1614.664458
-2358.559455
-3287.718157
-4422.779140
-5785.440002
-7398.590714
-9286.499204
-11475.063424
-13992.148301
-16868.031672
-20135.991098
-23833.074434
-28001.112569
-32688.055117
-37949.742466
-43852.276140
-50475.222757
-57916.000154
-66295.972967
-75769.074136
-86534.249695
-98853.849468
-113081.553111
-129706.136374
-149422.650229
-173253.382235
-202764.594110
-240480.991791
-290746.188869
-361711.538765
-470662.688661
-661757.110188
-1091331.035725
-3003300.912547
4067141.261428
1209097.801634
705459.137326
493979.422947
376620.629502
301375.282393
248622.894949
209320.013638
178722.582701
154104.642201
133789.964258
116692.203378
102077.077939
89430.816849
78383.308811
68661.134203
60057.748618
52413.932128
45604.608127
39529.740230
34107.913109
29271.723629
24964.420162
21137.419737
17748.453820
14760.171673
12139.081841
9854.746860
7879.169977
6186.329018
4751.824090
3552.614032
2566.822461
1773.598584
1153.021201
686.036645
354.423305
140.776702
28.510193
1.867220
45.941700
146.703684
291.027882
466.723025
662.560366
868.299897
1074.713138
1273.601588
1457.810145
1621.235059
1758.826162
1866.583420
1941.548070
1981.788931
1986.384869
1955.404831
1889.887529
1791.823720
1664.145273
1510.727133
1336.411145
1147.065300
949.699398
752.670618
566.034022
402.131596
276.584998
209.995732
230.938240
381.437574
727.517800
1380.883946
2547.369781
4647.638479
8665.473958
17388.001568
41567.018486
158603.584330
15279550.624321
253909.061635
53292.236610
20854.769909
10114.246686
5368.916509
2940.735154
1603.211986
851.195241
444.187067
254.464404
207.892469
258.019588
373.689255
532.693427
718.341022
917.524477
1119.597562
1315.712240
1498.425009
1661.466224
1799.610261
1908.608993
1985.165179
2026.930735
2032.519974
2001.531099
1934.571326
1833.282369
1700.363991
1539.594002
1355.843584
1155.087220
944.406843
731.990079
527.122739
340.175924
182.588372
66.844900
6.452055
15.912354
110.698799
307.231708
622.860270
1075.851731
1685.391679
2471.599570
3455.564543
4659.407636
6106.377953
7820.992168
9829.229170
12158.794889
14839.476707
17903.612800
21386.709957
25328.254914
29772.780482
34771.271108
40383.026574
46678.153068
53740.927196
61674.396105
70606.762163
80700.399779
92164.848228
105275.973786
120404.999830
138063.880623
158978.860442
184215.005751
215398.314126
255138.029396
307896.989029
381983.770191
494815.262059
690073.297281
1117072.430446
2837521.978172
-5385102.690645
-1378302.574573
-785241.042710
-544600.807115
-413111.556557
-329557.987205
-271323.403031
-228115.006807
-194579.720701
-167660.825753
-145487.625797
-126852.273885
-110940.835759
-97185.241055
-85177.138497
-74615.421615
-65273.010143
-56975.120741
-49584.647421
-42992.083179
-37108.424200
-31860.082047
-27185.178013
-23030.808082
-19351.001975
-16105.186805
-13257.023157
-10773.519806
-8624.359498
-6781.386349
-5218.218186
-3909.956235
-2832.971096
-1964.748771
-1283.783993
-769.510782
-402.262143
-163.252315
-34.576223
0.778365
-41.090344
-145.025231
-296.840589
-483.353509
-692.414454
-912.935501
-1134.914973
-1349.457481
-1548.788608
-1726.263743
-1876.370785
-1994.726733
-2078.068424
-2124.238033
-2132.164338
-2101.841244
-2034.305717
-1931.618224
-1796.850042
-1634.083796
-1448.436555
-1246.119553
-1034.556286
-822.593548
-620.862139
-442.383392
-303.590678
-226.075910
-239.656226
-387.966662
-739.181194
-1407.922082
-2603.851698
-4751.545983
-8831.737232
-17572.269215
-41168.050271
-147772.557664
-5715676.132226
-329767.065821
-62666.897083
-23862.807232
-11444.003349
-6045.872948
-3307.235694
-1804.506864
-959.401895
-499.336073
-280.673070
-220.586443
-267.477001
-386.914545
-554.470590
-751.857917
-964.761628
-1181.582692
-1392.696150
-1590.010629
-1766.709700
-1917.105563
-2036.563197
-2121.468934
-2169.226765
-2178.271401
-2148.090660
-2079.252070
-1973.430101
-1833.431480
-1663.216807
-1467.917243
-1253.845452
-1028.500371
-800.565652
-579.901903
-377.533139
-205.628050
-77.477020
-7.466051
-11.049044
-104.720233
-305.988910
-633.358999
-1106.316544
-1745.328765
-2571.859073
-3608.403338
-4878.553884
-6407.099126
-8220.168748
-10345.436798
-12812.398518
-15652.741224
-18900.835800
-22594.383916
-26775.268019
-31490.668094
-36794.533433
-42749.533060
-49429.660797
-56923.750017
-65340.274652
-74814.004150
-85515.388020
-97664.055343
-111548.684801
-127557.038336
-146222.778416
-168301.129458
-194896.490718
-227689.009325
-269362.966520
-324483.322398
-401483.038175
-517843.324525
-716640.891176
-1140341.608055
-2707559.325365
7493030.642185
1568853.766003
870699.664739
597764.307695
451040.371430
358669.337747
294677.157425
247397.663904
210817.094369
181523.399285
157438.536873
137225.890659
119987.524679
105098.341246
92109.970357
80692.421001
70597.248551
61633.519945
53651.676814
46532.431315
40178.960444
34511.316832
29462.362673
24974.771613
20998.793283
17490.571580
14410.871164
11724.109046
9397.617063
7401.080993
5706.116131
4285.949109
3115.182968
2169.627696
1426.182382
862.757953
458.231721
192.426567
46.108930
1.000744
39.801306
146.215676
304.986768
501.928743
723.959671
959.131819
1196.658171
1426.934106
1641.553408
1833.318048
1996.241425
2125.545067
2217.649031
2270.156654
2281.834664
2252.590224
2183.447132
2076.524397
1935.021720
1763.218479
1566.495870
1351.396744
1125.745542
898.863901
681.940092
488.650651
336.206704
247.140016
252.431228
397.195207
751.531301
1432.571001
2653.020373
4839.765456
8967.078868
17697.186218
40684.653761
138240.658943
3071080.544311
434668.175285
73623.061670
27219.847540
12900.826262
6782.693408
3706.680693
2025.869885
1080.711190
563.468145
313.265315
237.948976
280.442308
402.858457
578.441286
787.241317
1013.693411
1245.216335
1471.386811
1683.448970
1874.025787
2036.955079
2167.203565
2260.830146
2314.979946
2327.897013
2298.947496
2228.647690
2118.693001
1971.985044
1792.654928
1586.081347
1358.902606
1119.022077
875.606900
639.080056
421.106206
234.571957
93.561491
13.328798
10.268022
101.883810
306.763910
644.556719
1135.956985
1802.703528
2667.593567
3754.519244
5088.533094
6695.950807
8604.501603
10843.539203
13444.329905
16440.438988
19868.243150
23767.605550
28182.762433
33163.487861
38766.628172
45058.134384
52115.774817
60032.791680
68922.890443
78927.147155
90223.734531
103041.889083
117682.429219
134548.698371
154194.673032
177402.469811
205312.590059
239654.135209
283177.681232
340534.800951
420253.694482
539822.677365
741612.661573
1161466.325748
2602895.393714
-11405159.158954
-1785033.944973
-962442.512007
-653649.272125
-490478.718773
-388742.235258
-318699.885100
-267174.978304
-227436.802437
-195691.512376
-169639.967689
-147809.071492
-129212.296762
-113164.652390
-99175.887740
-86885.877443
-76023.950215
-66382.414402
-57798.820806
-50143.779726
-43312.410552
-37218.227770
-31788.698347
-26961.969248
-22684.429373
-18908.876605
-15593.130390
-12698.976973
-10191.366108
-8037.800028
-6207.870800
-4672.913171
-3405.747827
-2380.495782
-1572.448780
-957.983806
-514.512140
-220.455211
-55.240928
0.684749
-34.164639
-142.345716
-307.519097
-514.484758
-749.216811
-998.895851
-1251.937402
-1498.015289
-1728.079026
-1934.364610
-2110.398373
-2250.993852
-2352.241927
-2411.494875
-2427.345382
-2399.602137
-2329.264319
-2218.498281
-2070.621153
-1890.098150
-1682.563546
-1454.880285
-1215.261211
-973.488382
-741.289863
-532.974255
-366.498163
-265.285548
-261.406499
-401.335033
-756.889750
-1447.341518
-2687.740815
-4905.893110
-9066.793210
-17762.538667
-40127.821663
-129776.110328
-1959871.667617
-584462.097100
-86486.563850
-30963.609888
-14488.736670
-7575.796148
-4133.064301
-2260.335835
-1207.716695
-628.949627
-344.479277
-252.139996
-289.024300
-413.594193
-596.652532
-816.518044
-1056.330470
-1302.495815
-1543.770392
-1770.716801
-1975.383374
-2151.121204
-2292.487326
-2395.202185
-2456.141104
-2473.346430
-2446.051391
-2374.709535
-2261.025411
-2107.983482
-1919.873099
-1702.308061
-1462.239781
-1207.963491
-949.117276
-696.674044
-462.926817
-261.468047
-107.163913
-16.124887
-5.674177
-94.315985
-301.705969
-648.626705
-1156.971547
-1849.740882
-2751.055629
-3886.193791
-5281.657148
-6965.276774
-8966.368170
-11315.949540
-14047.040385
-17195.062516
-20798.372252
-24898.961782
-29543.380458
-34783.944929
-40680.332892
-47301.692925
-54729.458483
-63061.137793
-72415.479635
-82939.615960
-94819.104710
-108292.327610
-123671.600074
-141374.935682
-161975.302875
-186279.740489
-215461.822982
-251294.774167
-296587.419057
-356063.877569
-438321.733883
-560807.584533
-765109.451278
-1180704.562179
-2516748.670125
21171282.649961
2032376.888683
1061186.160660
712470.249504
531520.412390
419828.123629
343424.542133
287470.607044
244457.332287
210180.556771
182105.346920
158613.942078
138626.380005
121394.764411
106385.014752
93205.566917
81562.625396
71231.107589
62035.218987
53835.135803
46517.673442
39989.623259
34172.916630
29001.066343
24416.517572
20368.657598
16812.310015
13706.590258
11014.034046
8699.934256
6731.838592
5079.172275
3712.958610
2605.616488
1730.818500
1063.396765
579.286147
255.496515
70.107215
2.278111
32.272511
141.488029
312.492087
529.059272
776.208203
1040.235973
1308.748557
1570.685920
1816.340847
2037.370811
2226.802505
2379.028947
2489.799422
2556.202899
2576.646001
2550.827182
2479.709511
2365.495468
2211.608599
2022.689047
1804.613158
1564.552543
1311.096098
1054.472206
806.931618
583.392799
402.527143
288.605873
274.719264
408.588601
763.562555
1460.716266
2716.822211
4959.401188
9141.855334
17783.113859
39520.822367
122211.915268
1382526.140661
807213.735878
101689.487819
35155.326510
16229.172838
8438.003878
4596.529081
2517.004059
1349.043805
704.164175
382.563318
271.325923
301.336169
427.198116
617.153741
847.716809
1100.684989
1361.419736
1617.834139
1859.791799
2078.752102
2267.566946
2420.372181
2532.538754
2600.661259
2622.569322
2597.352032
2525.388702
2408.381272
2249.385033
2052.835337
1824.568675
1571.837039
1303.314948
1029.098882
760.699208
511.025004
294.362467
126.347932
23.936816
5.370167
90.140852
298.961852
653.739614
1177.555976
1894.662869
2830.494824
4011.705359
5466.234618
7223.417319
9314.142197
11771.077034
14628.977073
17925.099743
21699.755484
25997.033954
30865.758106
36360.737241
42544.416784
49489.061166
57279.663261
66017.859431
75827.260308
86860.812479
99311.134479
113425.310351
129526.538389
148046.634499
169576.305308
194945.653109
225358.485416
262627.654183
309612.829189
371097.923423
455726.983022
580863.327753
787254.309390
1198287.369631
2444570.629264
-88983023.137373
-2318114.563588
-1167742.537949
-774447.516790
-574250.045448
-451965.190959
-368869.395037
-308292.908527
-261881.579309
-224990.177125
-194832.268044
-169636.739937
-148225.080873
-129783.323884
-113731.517421
-99645.297111
-87206.808828
-76172.922226
-66354.026349
-57599.519486
-49787.658428
-42818.320453
-36607.756610
-31084.734778
-26187.670969
-21862.475444
-18060.923907
-14739.419887
-11858.052295
-9379.878237
-7270.379444
-5497.053635
-4029.111446
-2837.256324
-1893.529770
-1171.208034
-644.739141
-289.711276
-82.845189
-2.004547
-26.219225
-135.717280
-311.962100
-537.691705
-796.957727
-1075.161961
-1359.088766
-1636.931968
-1898.315175
-2134.304794
-2337.415302
-2501.606658
-2622.274117
-2696.231072
-2721.686026
-2698.215404
-2626.734649
-2509.471115
-2349.943744
-2152.956694
-1924.617418
-1672.394858
-1405.241786
-1133.819130
-870.883744
-631.942644
-436.352820
-309.190368
-284.500971
-411.149455
-763.840985
-1465.151519
-2733.022166
-4993.649189
-9186.956591
-17756.844567
-38867.980977
-115401.260430
-1041025.862562
-1156270.138459
-119768.649635
-39849.250590
-18129.192429
-9366.588568
-5091.379417
-2789.043360
-1497.351802
-781.513723
-419.776521
-287.679942
-309.495667
-435.749851
-631.996775
-872.868251
-1138.770716
-1413.988004
-1685.566393
-1942.652562
-2176.102383
-2378.255933
-2542.816314
-2664.793902
-2740.491635
-2767.515421
-2744.799017
-2672.636055
-2552.714137
-2388.147393
-2183.504958
-1944.833616
-1679.673420
-1397.065604
-1107.552479
-823.169397
-557.429155
-325.299569
-143.175256
-28.845000
-1.456432
-81.480151
-290.675845
-652.063490
-1189.903280
-1929.688663
-2898.157718
-4123.329181
-5634.570780
-7462.709265
-9640.193762
-12201.327004
-15182.582893
-18623.034067
-22564.920248
-27054.397884
-32142.525170
-37886.555639
-44351.640797
-51613.081864
-59759.328949
-68896.013437
-79151.432886
-90684.116321
-103693.431069
-118434.739098
-135241.534777
-154558.609928
-176993.220324
-203396.777798
-235000.659888
-273653.166431
-322257.998252
-385647.299255
-472491.271422
-600034.696199
-808142.290622
-1214395.200358
-2383175.311039
-47606562.458968
2651929.728420
1283073.692197
839842.014546
618775.674542
485210.590582
395070.108622
329666.982822
279728.867416
240136.282320
207834.495996
180889.818524
158019.786942
138341.035792
121225.604903
106214.908271
92966.060325
81217.200722
70764.413613
61445.963503
53131.285399
45713.145398
39101.964981
33221.653036
28006.508480
23398.896245
19347.490671
15805.941190
12731.856307
10086.030303
7831.856853
5934.887837
4362.505676
3083.684863
2068.823745
1289.631616
719.059191
331.262833
101.594660
6.612064
24.101227
133.110145
313.987359
548.423190
819.490827
1111.684998
1410.956414
1704.740498
1981.979252
2233.135480
2450.198862
2626.683752
2757.618922
2839.529891
2870.414965
2849.716710
2778.291391
2658.379962
2493.585712
2288.865914
2050.548188
1786.387559
1505.688660
1219.531479
941.162887
686.657978
476.031545
335.124564
298.877525
417.202650
766.002383
1469.078884
2745.050568
5017.893932
9212.535688
17696.930074
38187.282296
109240.628895
820526.058766
1743137.351226
141440.692052
45126.525809
20213.709085
10375.322114
5628.096345
3085.697347
1661.336091
869.419527
464.389214
309.382288
321.625267
447.332381
649.236019
900.004980
1178.603000
1468.201851
1754.956612
2027.278628
2275.405413
2491.152439
2667.778412
2799.922040
2883.583676
2916.134537
2896.341880
2824.402239
2701.977186
2532.227728
2319.844590
2071.072466
1793.726961
1497.203449
1192.477509
892.096982
610.166028
362.321925
165.705667
38.927790
2.031210
76.453287
284.989767
651.763786
1202.203745
1963.034585
2962.287891
4229.337370
5794.967631
7691.485986
9952.889296
12615.100890
15716.296609
19297.344381
23402.389020
28079.623931
33382.305311
39370.083964
46110.757769
53682.588221
62177.383902
71704.642718
82397.180524
94418.885328
107975.573768
123330.479075
140826.830984
160921.610236
184237.494067
211645.548797
244402.224886
284387.381847
334542.481807
399737.421103
488650.586576
618378.419557
827873.980166
1229196.367345
2330286.633747
19977322.049849
-3047041.412574
-1408288.388342
-908926.771857
-665197.588288
-519608.683792
-422047.841014
-351602.714765
-298002.970819
-255619.057390
-221109.974124
-192369.651509
-168005.969643
-147062.665351
-128861.530725
-112908.274071
-98833.965405
-86357.305623
-75259.567570
-65367.513625
-56541.485014
-48666.933184
-41648.296154
-35404.506295
-29865.654920
-24970.491373
-20664.533688
-16898.633880
-13627.885595
-10810.792585
-8408.637895
-6385.008861
-4705.443871
-3337.174758
-2248.944519
-1410.884321
-794.437048
-372.317075
-118.497864
-8.220458
-18.017122
-125.745318
-310.627965
-553.296595
-835.834526
-1141.817694
-1456.351156
-1766.099688
-2059.311274
-2325.832582
-2557.115918
-2746.217473
-2887.787065
-2978.050026
-3014.782348
-2997.280880
-2926.331129
-2804.176340
-2634.493087
-2422.380847
-2174.376500
-1898.509983
-1604.425929
-1303.610173
-1009.783991
-739.570864
-513.616921
-358.490269
-309.969511
-418.925146
-762.310920
-1464.906866
-2745.573135
-5025.298607
-9212.805946
-17599.938102
-37478.839801
-103631.409156
-668846.220275
-2832890.068170
-167632.096872
-51065.519810
-22493.769944
-11462.533727
-6201.353985
-3400.290261
-1833.730598
-960.323271
-508.683535
-328.620550
-329.852340
-454.032151
-660.928437
-921.161624
-1212.198816
-1516.063859
-1817.995384
-2105.650490
-2368.633183
-2598.221385
-2787.217675
-2929.877952
-3021.889063
-3060.376570
-3043.930097
-2972.637694
-2848.123242
-2673.582693
-2453.816191
-2195.253978
-1905.974708
-1595.715327
-1275.872107
-959.492870
-661.260763
-397.470342
-185.997038
-46.261484
0.809453
-67.177341
-274.042981
-645.003369
-1206.644947
-1986.914120
-3015.125955
-4321.998925
-5939.723904
-7902.077422
-10244.591604
-13004.796278
-16222.552859
-19940.505118
-24204.679398
-29065.277054
-34577.716126
-40803.999154
-47814.512549
-55690.404051
-64526.745251
-74436.776534
-85557.669505
-98058.456108
-112151.114654
-128106.359969
-146276.621371
-167130.319052
-191304.482190
-219688.269803
-253560.863734
-294830.066722
-346469.333754
-413376.820971
-504223.214810
-635931.551961
-846524.791743
-1242820.109588
-2284212.764858
-13094188.594411
3522032.054785
1544710.345310
982022.918208
713641.172852
555223.306792
449841.346515
374126.820096
316724.137125
271454.976101
234672.831508
204088.837254
178195.187123
155959.039901
136649.594077
119735.302519
104820.135933
91602.620086
79848.691423
69373.228922
60027.198891
51688.528089
44255.512369
37641.986517
31773.741069
26585.837527
22020.581157
18025.982085
14554.583762
11562.571036
9009.093244
6855.754093
5066.231839
3606.001754
2442.139142
1543.185782
879.066155
421.042461
141.699473
14.951833
16.067690
121.703527
309.945913
560.356528
854.017443
1173.574104
1503.273930
1828.998842
2138.290402
2420.366620
2666.129852
2868.165557
3020.732116
3119.742328
3162.737738
3148.857587
3078.805003
2954.814189
2780.623916
2561.464958
2304.072567
2016.740490
1709.441642
1394.054753
1084.760328
798.711295
557.159887
387.365700
325.892404
424.486190
761.018310
1461.022314
2743.214641
5024.940913
9197.779234
17477.890966
36757.262900
98507.218950
559399.053628
5186557.419907
199602.183752
57776.757168
24998.882352
12643.175096
6822.037781
3742.233338
2023.310370
1062.688253
560.954019
353.589985
342.309333
463.939180
675.133649
944.374869
1247.576802
1565.577981
1882.674450
2185.749610
2463.758501
2707.428365
2909.093827
3062.616810
3163.359722
3208.191526
3195.513105
3125.292672
2999.104786
2820.168446
2593.381066
2325.346090
2024.392735
1700.586949
1365.733119
1033.366524
718.736905
438.783880
212.105345
58.920342
1.028313
61.767081
265.972409
639.942537
1211.411764
2009.537926
3064.909559
4409.579749
6077.135089
8102.810101
10523.659887
13378.806925
16709.782182
20560.986284
24980.304145
30019.916870
35737.369230
42196.971341
49471.642125
57645.343936
66816.319111
77101.430778
88642.049608
101612.144541
116229.579300
132772.176919
151601.054346
173195.357481
198205.453077
227537.119059
262490.073009
304996.697407
358057.133823
426589.202888
519241.869431
652743.813181
864178.077235
1255392.601344
2243693.101435
9968429.907319
-4103821.644154
-1693892.608876
-1059472.403150
-764225.889009
-592106.064727
-478475.087076
-397250.894886
-335897.111880
-287644.814215
-248521.390619
-216044.103483
-188583.087223
-165025.050871
-144584.141150
-126689.936890
-110918.210788
-96946.548359
-84525.005140
-73456.182030
-63581.379816
-54770.783732
-46916.383818
-39926.792535
-33723.403744
-28237.516791
-23408.166144
-19180.474385
-15504.398528
-12333.775457
-9625.597194
-7339.464347
-5437.178652
-3882.444702
-2640.657631
-1678.758469
-965.142663
-469.610028
-163.346610
-18.930615
-10.355893
-113.067549
-304.005101
-561.649363
-866.069809
-1198.969735
-1543.726977
-1885.428408
-2210.896783
-2508.708942
-2769.204712
-2984.486248
-3148.407992
-3256.557851
-3306.230753
-3296.396406
-3227.663913
-3102.247068
-2923.935733
-2698.081057
-2431.605801
-2133.056482
-1812.722712
-1482.863404
-1158.103538
-856.107239
-598.708786
-413.825597
-338.756770
-426.047662
-754.364469
-1449.791762
-2730.561881
-5009.820396
-9161.287046
-17326.338633
-36019.946389
-93798.430212
-477406.752188
-11774935.212522
-239047.597537
-65374.633598
-27745.399914
-13916.894528
-7485.264752
-4105.031768
-2222.894378
-1169.000660
-613.508233
-376.493860
-351.133962
-469.147170
-683.913996
-961.683512
-1276.757287
-1608.749569
-1940.986724
-2259.558442
-2552.755002
-2810.739650
-3025.367137
-3190.094191
-3299.947845
-3351.529533
-3343.040316
-3274.317249
-3146.873972
-2963.940661
-2730.499879
-2453.315944
-2140.956159
-1803.802910
-1454.056114
-1105.725976
-774.616409
-478.299859
-236.084680
-68.976598
0.363784
-52.334980
-252.912544
-628.739031
-1208.686389
-2023.113845
-3103.873413
-4484.342663
-6199.493441
-8286.007156
-10782.449761
-13729.522784
-17170.411049
-21151.253494
-25721.771240
-30936.097711
-36853.870321
-43541.663944
-51074.875744
-59540.213385
-69039.000787
-79691.608247
-91643.454479
-105073.246277
-120204.467457
-137321.691483
-156794.233744
-179111.286138
-204935.590930
-235188.154214
-271187.170530
-314886.474168
-369308.013271
-439381.494762
-533721.807481
-668845.892526
-880894.079058
-1267008.153560
-2207745.712914
-8182925.085501
4832990.699222
1857709.529052
1141675.573846
817098.377847
630328.656075
507991.353233
421003.468521
355543.164639
304205.663498
262670.175373
228248.312174
199181.410571
174271.655819
152675.566518
133782.156683
117137.856547
102398.516274
89297.745826
77625.459424
67212.991942
57922.563234
49639.688761
42267.630151
35723.285874
29934.116685
24835.826625
20370.603850
16485.781765
13132.819518
10266.527681
7844.483881
5826.596649
4174.785575
2852.752981
1825.827697
1060.865443
526.193405
191.588863
28.283560
8.986897
107.922223
300.871349
565.223243
880.023478
1226.021570
1585.713858
1943.379993
2285.111564
2598.831735
2874.305227
3103.138313
3278.768981
3396.447861
3453.211071
3447.846830
3380.858536
3254.428174
3072.385566
2840.191308
2564.944825
2255.434417
1922.254935
1578.032985
1237.823657
919.784688
646.309441
445.941338
356.668452
431.764410
750.578142
1439.562672
2716.166387
4988.865068
9112.999094
17156.420900
35279.299943
89461.550074
414112.369902
44238176.439626
288344.120152
74014.157270
30768.980480
15300.121519
8202.406045
4498.292312
2441.348546
1287.770928
674.667444
405.543804
364.469410
477.753631
695.334618
981.128508
1307.762331
1653.585398
2000.926309
2335.060440
2643.597163
2916.122210
3143.998425
3320.266086
3439.605898
3498.340853
3494.461132
3427.661343
3299.382646
3112.854549
2873.132672
2587.129899
2263.639155
1913.346702
1548.835402
1184.577840
836.919665
524.053882
265.987270
84.500477
3.103813
46.991225
242.995463
619.548045
1206.648343
2035.846924
3140.249292
4554.547420
6315.088004
8459.988338
11029.313279
14065.330027
17612.861893
21719.768012
26437.583920
31822.368683
37935.819260
44846.733760
52632.935028
61383.808988
71203.674977
82216.298908
94571.001980
108451.037218
124085.253715
141764.632561
161866.220155
184888.607095
211505.998722
242653.316951
279665.302943
324514.334265
380239.678938
451775.896400
547692.936247
684281.720118
896742.750675
1277763.791228
2175618.481852
7027716.919726
-5773644.004828
-2038403.237779
-1229065.798088
-872401.715339
-669951.231118
-538418.395458
-445398.060560
-375668.116696
-321138.946502
-277117.919586
-240698.464662
-209985.993819
-183693.880551
-160918.314571
-141005.978623
-123472.768191
-107951.971766
-94160.168093
-81874.161695
-70915.011002
-61136.739375
-52418.213651
-44657.212230
-37766.036573
-31668.230229
-26296.105532
-21588.868073
-17491.189520
-13952.120786
-10924.266300
-8363.160414
-6226.801464
-4475.309480
-3070.681186
-1976.621644
-1158.436095
-582.968824
-218.578297
-35.139772
-4.068078
-98.354464
-292.612413
-563.128107
-887.911946
-1246.748080
-1621.239460
-1994.846380
-2352.916907
-2682.708042
-2973.396824
-3216.081059
-3403.769754
-3531.363856
-3595.628452
-3595.158287
-3530.339336
-3403.310351
-3217.929953
-2979.757251
-2696.057491
-2375.849829
-2030.023005
-1671.559046
-1315.929153
-981.767703
-692.005220
-475.781048
-371.728752
-433.784565
-741.877478
-1422.664590
-2692.546920
-4954.937386
-9046.439741
-16962.920459
-34530.931089
-85445.221620
-364023.716612
-4313392883.671196
-350846.312436
-83865.053393
-34093.131697
-16794.163426
-8969.112059
-4915.731633
-2671.589029
-1411.535200
-736.767337
-432.960185
-374.464540
-481.860002
-701.463533
-994.753018
-1332.615757
-1692.093689
-2054.488523
-2404.240083
-2728.260320
-3015.543722
-3256.949084
-3445.088916
-3574.286640
-3640.575897
-3641.724958
-3577.274727
-3448.582353
-3258.864868
-3013.238878
-2718.753549
-2384.414972
-2021.200735
-1642.064053
-1261.927333
-897.665504
-568.079845
-293.863488
-97.560205
-3.518525
-37.843732
-228.350840
-604.522243
-1197.474486
-2039.939418
-3166.266055
-4612.450719
-6416.204617
-8617.070041
-11256.598949
-14378.611070
-18029.553134
-22258.986782
-27120.240721
-32671.273717
-38975.810134
-46104.831048
-54138.534087
-63168.918562
-73303.215962
-84668.480154
-97417.794534
-111738.773979
-127865.388147
-146094.697294
-166811.032207
-190521.765767
-217911.701031
-249928.437415
-287921.452919
-333878.964296
-390853.435771
-463777.924001
-561167.910572
