11.041611	27.000000
11.061616	31.000000
11.081621	24.000000
11.101627	20.000000
11.121632	12.000000
11.141637	22.000000
11.161643	24.000000
11.181648	20.000000
11.201653	22.000000
11.221659	38.000000
11.241664	26.000000
11.261669	27.000000
11.281675	21.000000
11.301680	13.000000
11.321685	20.000000
11.341691	25.000000
11.361696	27.000000
11.381701	14.000000
11.401707	20.000000
11.421712	25.000000
11.441717	28.000000
11.461723	17.000000
11.481728	19.000000
11.501733	22.000000
11.521739	18.000000
11.541744	21.000000
11.561749	23.000000
11.581755	27.000000
11.601760	18.000000
11.621765	26.000000
11.641771	22.000000
11.661776	19.000000
11.681781	18.000000
11.701787	17.000000
11.721792	23.000000
11.741797	26.000000
11.761803	15.000000
11.781808	20.000000
11.801813	25.000000
11.821819	25.000000
11.841824	29.000000
11.861829	15.000000
11.881835	35.000000
11.901840	33.000000
11.921845	18.000000
11.941851	13.000000
11.961856	29.000000
11.981861	18.000000
12.001867	16.000000
12.021872	23.000000
12.041877	31.000000
12.061883	30.000000
12.081888	25.000000
12.101893	29.000000
12.121899	14.000000
12.141904	15.000000
12.161909	20.000000
12.181915	24.000000
12.201920	21.000000
12.221925	16.000000
12.241931	15.000000
12.261936	20.000000
12.281941	26.000000
12.301947	18.000000
12.321952	25.000000
12.341957	19.000000
12.361963	22.000000
12.381968	21.000000
12.401973	22.000000
12.421979	28.000000
12.441984	19.000000
12.461989	19.000000
12.481995	34.000000
12.502000	26.000000
12.522005	31.000000
12.542011	15.000000
12.562016	21.000000
12.582021	22.000000
12.602027	16.000000
12.622032	19.000000
12.642037	20.000000
12.662043	27.000000
12.682048	28.000000
12.702053	14.000000
12.722059	21.000000
12.742064	25.000000
12.762069	19.000000
12.782075	15.000000
12.802080	23.000000
12.822085	17.000000
12.842091	26.000000
12.862096	24.000000
12.882101	23.000000
12.902107	15.000000
12.922112	19.000000
12.942117	12.000000
12.962123	21.000000
12.982128	17.000000
13.002133	16.000000
13.022139	16.000000
13.042144	27.000000
13.062149	19.000000
13.082155	21.000000
13.102160	22.000000
13.122165	23.000000
13.142171	20.000000
13.162176	26.000000
13.182181	19.000000
13.202187	26.000000
13.222192	19.000000
13.242197	19.000000
13.262203	16.000000
13.282208	22.000000
13.302213	14.000000
13.322219	26.000000
13.342224	26.000000
13.362229	25.000000
13.382235	27.000000
13.402240	18.000000
13.422245	36.000000
13.442251	19.000000
13.462256	17.000000
13.482261	20.000000
13.502267	16.000000
13.522272	18.000000
13.542277	22.000000
13.562283	16.000000
13.582288	23.000000
13.602293	24.000000
13.622299	24.000000
13.642304	30.000000
13.662309	36.000000
13.682315	12.000000
13.702320	21.000000
13.722325	24.000000
13.742331	20.000000
13.762336	19.000000
13.782341	23.000000
13.802347	17.000000
13.822352	17.000000
13.842357	28.000000
13.862363	28.000000
13.882368	20.000000
13.902373	27.000000
13.922379	25.000000
13.942384	25.000000
13.962389	33.000000
13.982395	21.000000
14.002400	27.000000
14.022405	23.000000
14.042411	22.000000
14.062416	14.000000
14.082421	25.000000
14.102427	15.000000
14.122432	21.000000
14.142437	27.000000
14.162443	23.000000
14.182448	22.000000
14.202453	22.000000
14.222459	13.000000
14.242464	23.000000
14.262469	20.000000
14.282475	18.000000
14.302480	24.000000
14.322485	19.000000
14.342491	16.000000
14.362496	24.000000
14.382501	18.000000
14.402507	19.000000
14.422512	18.000000
14.442517	15.000000
14.462523	18.000000
14.482528	19.000000
14.502533	18.000000
14.522539	17.000000
14.542544	19.000000
14.562549	17.000000
14.582555	25.000000
14.602560	22.000000
14.622565	24.000000
14.642571	18.000000
14.662576	23.000000
14.682581	18.000000
14.702587	25.000000
14.722592	21.000000
14.742597	13.000000
14.762603	19.000000
14.782608	22.000000
14.802613	20.000000
14.822619	17.000000
14.842624	19.000000
14.862629	24.000000
14.882635	13.000000
14.902640	22.000000
14.922645	24.000000
14.942651	17.000000
14.962656	25.000000
14.982661	20.000000
15.002667	27.000000
15.022672	25.000000
15.042677	28.000000
15.062683	14.000000
15.082688	18.000000
15.102693	26.000000
15.122699	19.000000
15.142704	22.000000
15.162709	24.000000
15.182715	19.000000
15.202720	27.000000
15.222725	14.000000
15.242731	20.000000
15.262736	19.000000
15.282741	18.000000
15.302747	23.000000
15.322752	16.000000
15.342757	22.000000
15.362763	24.000000
15.382768	19.000000
15.402773	21.000000
15.422779	18.000000
15.442784	17.000000
15.462789	18.000000
15.482795	28.000000
15.502800	19.000000
15.522805	15.000000
15.542811	20.000000
15.562816	32.000000
15.582821	16.000000
15.602827	15.000000
15.622832	26.000000
15.642837	25.000000
15.662843	23.000000
15.682848	32.000000
15.702853	17.000000
15.722859	26.000000
15.742864	19.000000
15.762869	17.000000
15.782875	29.000000
15.802880	32.000000
15.822885	32.000000
15.842891	31.000000
15.862896	31.000000
15.882901	24.000000
15.902907	20.000000
15.922912	19.000000
15.942917	19.000000
15.962923	31.000000
15.982928	31.000000
16.002933	25.000000
16.022939	25.000000
16.042944	21.000000
16.062949	27.000000
16.082955	28.000000
16.102960	34.000000
16.122965	28.000000
16.142971	33.000000
16.162976	26.000000
16.182981	39.000000
16.202987	34.000000
16.222992	37.000000
16.242997	24.000000
16.263003	23.000000
16.283008	28.000000
16.303013	24.000000
16.323019	22.000000
16.343024	26.000000
16.363029	22.000000
16.383035	21.000000
16.403040	23.000000
16.423045	15.000000
16.443051	22.000000
16.463056	26.000000
16.483061	26.000000
16.503067	18.000000
16.523072	15.000000
16.543077	17.000000
16.563083	31.000000
16.583088	26.000000
16.603093	29.000000
16.623099	17.000000
16.643104	30.000000
16.663109	27.000000
16.683115	13.000000
16.703120	21.000000
16.723125	21.000000
16.743131	17.000000
16.763136	21.000000
16.783141	31.000000
16.803147	17.000000
16.823152	11.000000
16.843157	17.000000
16.863163	22.000000
16.883168	25.000000
16.903173	18.000000
16.923179	23.000000
16.943184	17.000000
16.963189	29.000000
16.983195	28.000000
17.003200	23.000000
17.023205	24.000000
17.043211	24.000000
17.063216	12.000000
17.083221	21.000000
17.103227	26.000000
17.123232	23.000000
17.143237	27.000000
17.163243	24.000000
17.183248	21.000000
17.203253	21.000000
17.223259	25.000000
17.243264	19.000000
17.263269	17.000000
17.283275	18.000000
17.303280	19.000000
17.323285	15.000000
17.343291	14.000000
17.363296	16.000000
17.383301	23.000000
17.403307	21.000000
17.423312	16.000000
17.443317	24.000000
17.463323	19.000000
17.483328	22.000000
17.503333	26.000000
17.523339	32.000000
17.543344	24.000000
17.563349	22.000000
17.583355	22.000000
17.603360	23.000000
17.623365	26.000000
17.643371	22.000000
17.663376	26.000000
17.683381	14.000000
17.703387	19.000000
17.723392	25.000000
17.743397	28.000000
17.763403	20.000000
17.783408	18.000000
17.803413	25.000000
17.823419	16.000000
17.843424	20.000000
17.863429	24.000000
17.883435	10.000000
17.903440	22.000000
17.923445	22.000000
17.943451	29.000000
17.963456	25.000000
17.983461	18.000000
18.003467	17.000000
18.023472	29.000000
18.043477	26.000000
18.063483	14.000000
18.083488	16.000000
18.103493	15.000000
18.123499	23.000000
18.143504	22.000000
18.163509	17.000000
18.183515	17.000000
18.203520	22.000000
18.223525	13.000000
18.243531	22.000000
18.263536	20.000000
18.283541	24.000000
18.303547	21.000000
18.323552	22.000000
18.343557	23.000000
18.363563	19.000000
18.383568	26.000000
18.403573	15.000000
18.423579	18.000000
18.443584	19.000000
18.463589	28.000000
18.483595	15.000000
18.503600	23.000000
18.523605	28.000000
18.543611	22.000000
18.563616	21.000000
18.583621	12.000000
18.603627	20.000000
18.623632	20.000000
18.643637	21.000000
18.663643	12.000000
18.683648	20.000000
18.703653	21.000000
18.723659	16.000000
18.743664	12.000000
18.763669	24.000000
18.783675	33.000000
18.803680	25.000000
18.823685	24.000000
18.843691	16.000000
18.863696	22.000000
18.883701	13.000000
18.903707	12.000000
18.923712	19.000000
18.943717	17.000000
18.963723	27.000000
18.983728	20.000000
19.003733	21.000000
19.023739	21.000000
19.043744	15.000000
19.063749	22.000000
19.083755	22.000000
19.103760	22.000000
19.123765	15.000000
19.143771	19.000000
19.163776	18.000000
19.183781	15.000000
19.203787	21.000000
19.223792	22.000000
19.243797	21.000000
19.263803	25.000000
19.283808	11.000000
19.303813	10.000000
19.323819	29.000000
19.343824	16.000000
19.363829	20.000000
19.383835	15.000000
19.403840	24.000000
19.423845	18.000000
19.443851	18.000000
19.463856	20.000000
19.483861	19.000000
19.503867	20.000000
19.523872	23.000000
19.543877	22.000000
19.563883	14.000000
19.583888	20.000000
19.603893	21.000000
19.623899	16.000000
19.643904	34.000000
19.663909	20.000000
19.683915	19.000000
19.703920	14.000000
19.723925	19.000000
19.743931	22.000000
19.763936	22.000000
19.783941	15.000000
19.803947	27.000000
19.823952	26.000000
19.843957	17.000000
19.863963	21.000000
19.883968	24.000000
19.903973	24.000000
19.923979	18.000000
19.943984	34.000000
19.963989	11.000000
19.983995	25.000000
20.004000	17.000000
20.024005	15.000000
20.044011	26.000000
20.064016	13.000000
20.084021	11.000000
20.104027	15.000000
20.124032	26.000000
20.144037	19.000000
20.164043	23.000000
20.184048	16.000000
20.204053	15.000000
20.224059	21.000000
20.244064	18.000000
20.264069	16.000000
20.284075	20.000000
20.304080	17.000000
20.324085	24.000000
20.344091	21.000000
20.364096	25.000000
20.384101	17.000000
20.404107	28.000000
20.424112	21.000000
20.444117	28.000000
20.464123	32.000000
20.484128	32.000000
20.504133	25.000000
20.524139	39.000000
20.544144	34.000000
20.564149	31.000000
20.584155	52.000000
20.604160	39.000000
20.624165	54.000000
20.644171	45.000000
20.664176	45.000000
20.684181	70.000000
20.704187	78.000000
20.724192	140.000000
20.744197	204.000000
20.764203	385.000000
20.784208	737.000000
20.804213	1171.000000
20.824219	2160.000000
20.844224	2597.000000
20.864229	1485.000000
20.884235	1256.000000
20.904240	924.000000
20.924245	334.000000
20.944251	133.000000
20.964256	94.000000
20.984261	60.000000
21.004267	63.000000
21.024272	56.000000
21.044277	61.000000
21.064283	54.000000
21.084288	46.000000
21.104293	50.000000
21.124299	37.000000
21.144304	33.000000
21.164309	39.000000
21.184315	33.000000
21.204320	28.000000
21.224325	21.000000
21.244331	18.000000
21.264336	12.000000
21.284341	17.000000
21.304347	31.000000
21.324352	24.000000
21.344357	20.000000
21.364363	22.000000
21.384368	22.000000
21.404373	24.000000
21.424379	25.000000
21.444384	15.000000
21.464389	32.000000
21.484395	25.000000
21.504400	18.000000
21.524405	19.000000
21.544411	21.000000
21.564416	32.000000
21.584421	20.000000
21.604427	20.000000
21.624432	18.000000
21.644437	13.000000
21.664443	25.000000
21.684448	25.000000
21.704453	24.000000
21.724459	15.000000
21.744464	23.000000
21.764469	18.000000
21.784475	16.000000
21.804480	14.000000
21.824485	16.000000
21.844491	22.000000
21.864496	15.000000
21.884501	16.000000
21.904507	18.000000
21.924512	23.000000
21.944517	23.000000
21.964523	20.000000
21.984528	19.000000
22.004533	31.000000
22.024539	27.000000
22.044544	18.000000
22.064549	17.000000
22.084555	14.000000
22.104560	11.000000
22.124565	27.000000
22.144571	23.000000
22.164576	22.000000
22.184581	24.000000
22.204587	12.000000
22.224592	23.000000
22.244597	26.000000
22.264603	18.000000
22.284608	26.000000
22.304613	28.000000
22.324619	23.000000
22.344624	19.000000
22.364629	30.000000
22.384635	22.000000
22.404640	27.000000
22.424645	14.000000
22.444651	24.000000
22.464656	18.000000
22.484661	20.000000
22.504667	24.000000
22.524672	30.000000
22.544677	31.000000
22.564683	20.000000
22.584688	35.000000
22.604693	22.000000
22.624699	21.000000
22.644704	35.000000
22.664709	17.000000
22.684715	29.000000
22.704720	20.000000
22.724725	18.000000
22.744731	19.000000
22.764736	30.000000
22.784741	18.000000
22.804747	21.000000
22.824752	27.000000
22.844757	18.000000
22.864763	21.000000
22.884768	21.000000
22.904773	27.000000
22.924779	27.000000
22.944784	23.000000
22.964789	22.000000
22.984795	27.000000
23.004800	10.000000
23.024805	29.000000
23.044811	32.000000
23.064816	29.000000
23.084821	19.000000
23.104827	20.000000
23.124832	19.000000
23.144837	21.000000
23.164843	29.000000
23.184848	25.000000
23.204853	24.000000
23.224859	17.000000
23.244864	30.000000
23.264869	22.000000
23.284875	26.000000
23.304880	23.000000
23.324885	24.000000
23.344891	34.000000
23.364896	24.000000
23.384901	24.000000
23.404907	12.000000
23.424912	24.000000
23.444917	31.000000
23.464923	29.000000
23.484928	26.000000
23.504933	25.000000
23.524939	30.000000
23.544944	35.000000
23.564949	27.000000
23.584955	26.000000
23.604960	27.000000
23.624965	37.000000
23.644971	27.000000
23.664976	29.000000
23.684981	20.000000
23.704987	31.000000
23.724992	35.000000
23.744997	21.000000
23.765003	20.000000
23.785008	26.000000
23.805013	17.000000
23.825019	23.000000
23.845024	20.000000
23.865029	22.000000
23.885035	19.000000
23.905040	14.000000
23.925045	24.000000
23.945051	22.000000
23.965056	21.000000
23.985061	36.000000
24.005067	24.000000
24.025072	30.000000
24.045077	29.000000
24.065083	31.000000
24.085088	47.000000
24.105093	69.000000
24.125099	101.000000
24.145104	98.000000
24.165109	88.000000
24.185115	61.000000
24.205120	67.000000
24.225125	56.000000
24.245131	43.000000
24.265136	47.000000
24.285141	37.000000
24.305147	32.000000
24.325152	35.000000
24.345157	45.000000
24.365163	28.000000
24.385168	42.000000
24.405173	31.000000
24.425179	32.000000
24.445184	42.000000
24.465189	31.000000
24.485195	24.000000
24.505200	48.000000
24.525205	26.000000
24.545211	32.000000
24.565216	32.000000
24.585221	29.000000
24.605227	37.000000
24.625232	24.000000
24.645237	30.000000
24.665243	30.000000
24.685248	29.000000
24.705253	33.000000
24.725259	39.000000
24.745264	24.000000
24.765269	25.000000
24.785275	27.000000
24.805280	25.000000
24.825285	22.000000
24.845291	24.000000
24.865296	32.000000
24.885301	31.000000
24.905307	31.000000
24.925312	34.000000
24.945317	25.000000
24.965323	29.000000
24.985328	24.000000
25.005333	20.000000
25.025339	24.000000
25.045344	28.000000
25.065349	35.000000
25.085355	26.000000
25.105360	23.000000
25.125365	18.000000
25.145371	23.000000
25.165376	26.000000
25.185381	27.000000
25.205387	35.000000
25.225392	39.000000
25.245397	35.000000
25.265403	38.000000
25.285408	34.000000
25.305413	33.000000
25.325419	48.000000
25.345424	35.000000
25.365429	38.000000
25.385435	33.000000
25.405440	30.000000
25.425445	30.000000
25.445451	34.000000
25.465456	27.000000
25.485461	33.000000
25.505467	35.000000
25.525472	38.000000
25.545477	33.000000
25.565483	32.000000
25.585488	32.000000
25.605493	33.000000
25.625499	35.000000
25.645504	30.000000
25.665509	29.000000
25.685515	24.000000
25.705520	32.000000
25.725525	35.000000
25.745531	32.000000
25.765536	22.000000
25.785541	40.000000
25.805547	28.000000
25.825552	42.000000
25.845557	41.000000
25.865563	40.000000
25.885568	33.000000
25.905573	35.000000
25.925579	34.000000
25.945584	31.000000
25.965589	26.000000
25.985595	31.000000
26.005600	35.000000
26.025605	43.000000
26.045611	46.000000
26.065616	33.000000
26.085621	56.000000
26.105627	43.000000
26.125632	51.000000
26.145637	44.000000
26.165643	60.000000
26.185648	57.000000
26.205653	62.000000
26.225659	68.000000
26.245664	93.000000
26.265669	89.000000
26.285675	97.000000
26.305680	115.000000
26.325685	158.000000
26.345691	158.000000
26.365696	192.000000
26.385701	236.000000
26.405707	235.000000
26.425712	227.000000
26.445717	289.000000
26.465723	334.000000
26.485728	382.000000
26.505733	557.000000
26.525739	799.000000
26.545744	1443.000000
26.565749	2896.000000
26.585755	6343.000000
26.605760	12017.000000
26.625765	13098.000000
26.645771	7172.000000
26.665776	5847.000000
26.685781	6723.000000
26.705787	4021.000000
26.725792	1254.000000
26.745797	582.000000
26.765803	338.000000
26.785808	278.000000
26.805813	232.000000
26.825819	191.000000
26.845824	180.000000
26.865829	178.000000
26.885835	157.000000
26.905840	153.000000
26.925845	99.000000
26.945851	101.000000
26.965856	77.000000
26.985861	78.000000
27.005867	75.000000
27.025872	73.000000
27.045877	45.000000
27.065883	54.000000
27.085888	58.000000
27.105893	44.000000
27.125899	44.000000
27.145904	49.000000
27.165909	49.000000
27.185915	44.000000
27.205920	48.000000
27.225925	47.000000
27.245931	45.000000
27.265936	30.000000
27.285941	45.000000
27.305947	44.000000
27.325952	45.000000
27.345957	49.000000
27.365963	36.000000
27.385968	49.000000
27.405973	47.000000
27.425979	47.000000
27.445984	50.000000
27.465989	60.000000
27.485995	53.000000
27.506000	54.000000
27.526005	49.000000
27.546011	44.000000
27.566016	42.000000
27.586021	43.000000
27.606027	36.000000
27.626032	48.000000
27.646037	47.000000
27.666043	54.000000
27.686048	35.000000
27.706053	40.000000
27.726059	44.000000
27.746064	39.000000
27.766069	38.000000
27.786075	44.000000
27.806080	31.000000
27.826085	39.000000
27.846091	47.000000
27.866096	50.000000
27.886101	41.000000
27.906107	48.000000
27.926112	52.000000
27.946117	50.000000
27.966123	66.000000
27.986128	37.000000
28.006133	45.000000
28.026139	32.000000
28.046144	38.000000
28.066149	39.000000
28.086155	48.000000
28.106160	56.000000
28.126165	39.000000
28.146171	39.000000
28.166176	43.000000
28.186181	50.000000
28.206187	36.000000
28.226192	45.000000
28.246197	55.000000
28.266203	46.000000
28.286208	48.000000
28.306213	49.000000
28.326219	36.000000
28.346224	51.000000
28.366229	36.000000
28.386235	37.000000
28.406240	41.000000
28.426245	54.000000
28.446251	37.000000
28.466256	45.000000
28.486261	45.000000
28.506267	62.000000
28.526272	55.000000
28.546277	43.000000
28.566283	50.000000
28.586288	51.000000
28.606293	63.000000
28.626299	57.000000
28.646304	42.000000
28.666309	53.000000
28.686315	53.000000
28.706320	63.000000
28.726325	66.000000
28.746331	55.000000
28.766336	79.000000
28.786341	68.000000
28.806347	70.000000
28.826352	93.000000
28.846357	101.000000
28.866363	108.000000
28.886368	110.000000
28.906373	126.000000
28.926379	141.000000
28.946384	126.000000
28.966389	120.000000
28.986395	113.000000
29.006400	115.000000
29.026405	74.000000
29.046411	70.000000
29.066416	81.000000
29.086421	68.000000
29.106427	80.000000
29.126432	68.000000
29.146437	69.000000
29.166443	69.000000
29.186448	63.000000
29.206453	72.000000
29.226459	70.000000
29.246464	71.000000
29.266469	77.000000
29.286475	76.000000
29.306480	84.000000
29.326485	79.000000
29.346491	80.000000
29.366496	70.000000
29.386501	109.000000
29.406507	85.000000
29.426512	89.000000
29.446517	84.000000
29.466523	66.000000
29.486528	77.000000
29.506533	70.000000
29.526539	76.000000
29.546544	64.000000
29.566549	72.000000
29.586555	85.000000
29.606560	65.000000
29.626565	45.000000
29.646571	74.000000
29.666576	70.000000
29.686581	61.000000
29.706587	66.000000
29.726592	64.000000
29.746597	73.000000
29.766603	86.000000
29.786608	64.000000
29.806613	66.000000
29.826619	85.000000
29.846624	71.000000
29.866629	82.000000
29.886635	63.000000
29.906640	81.000000
29.926645	69.000000
29.946651	83.000000
29.966656	82.000000
29.986661	96.000000
30.006667	88.000000
30.026672	92.000000
30.046677	81.000000
30.066683	68.000000
30.086688	89.000000
30.106693	70.000000
30.126699	85.000000
30.146704	73.000000
30.166709	74.000000
30.186715	63.000000
30.206720	65.000000
30.226725	62.000000
30.246731	54.000000
30.266736	61.000000
30.286741	54.000000
30.306747	69.000000
30.326752	53.000000
30.346757	59.000000
30.366763	53.000000
30.386768	52.000000
30.406773	50.000000
30.426779	46.000000
30.446784	31.000000
30.466789	46.000000
30.486795	37.000000
30.506800	42.000000
30.526805	44.000000
30.546811	35.000000
30.566816	57.000000
30.586821	56.000000
30.606827	41.000000
30.626832	24.000000
30.646837	43.000000
30.666843	51.000000
30.686848	54.000000
30.706853	44.000000
30.726859	32.000000
30.746864	40.000000
30.766869	45.000000
30.786875	40.000000
30.806880	49.000000
30.826885	38.000000
30.846891	49.000000
30.866896	48.000000
30.886901	54.000000
30.906907	50.000000
30.926912	35.000000
30.946917	37.000000
30.966923	42.000000
30.986928	49.000000
31.006933	37.000000
31.026939	50.000000
31.046944	38.000000
31.066949	31.000000
31.086955	38.000000
31.106960	38.000000
31.126965	46.000000
31.146971	41.000000
31.166976	45.000000
31.186981	31.000000
31.206987	39.000000
31.226992	35.000000
31.246997	24.000000
31.267003	39.000000
31.287008	44.000000
31.307013	52.000000
31.327019	43.000000
31.347024	38.000000
31.367029	33.000000
31.387035	40.000000
31.407040	41.000000
31.427045	43.000000
31.447051	38.000000
31.467056	41.000000
31.487061	34.000000
31.507067	41.000000
31.527072	42.000000
31.547077	39.000000
31.567083	33.000000
31.587088	46.000000
31.607093	42.000000
31.627099	56.000000
31.647104	44.000000
31.667109	62.000000
31.687115	50.000000
31.707120	32.000000
31.727125	73.000000
31.747131	56.000000
31.767136	52.000000
31.787141	53.000000
31.807147	57.000000
31.827152	60.000000
31.847157	63.000000
31.867163	48.000000
31.887168	52.000000
31.907173	55.000000
31.927179	43.000000
31.947184	57.000000
31.967189	39.000000
31.987195	51.000000
32.007200	48.000000
32.027205	44.000000
32.047211	41.000000
32.067216	48.000000
32.087221	41.000000
32.107227	40.000000
32.127232	45.000000
32.147237	48.000000
32.167243	35.000000
32.187248	44.000000
32.207253	40.000000
32.227259	40.000000
32.247264	37.000000
32.267269	31.000000
32.287275	34.000000
32.307280	41.000000
32.327285	21.000000
32.347291	43.000000
32.367296	42.000000
32.387301	24.000000
32.407307	27.000000
32.427312	33.000000
32.447317	33.000000
32.467323	41.000000
32.487328	22.000000
32.507333	39.000000
32.527339	33.000000
32.547344	44.000000
32.567349	39.000000
32.587355	34.000000
32.607360	30.000000
32.627365	30.000000
32.647371	32.000000
32.667376	40.000000
32.687381	28.000000
32.707387	28.000000
32.727392	23.000000
32.747397	32.000000
32.767403	39.000000
32.787408	24.000000
32.807413	39.000000
32.827419	30.000000
32.847424	32.000000
32.867429	19.000000
32.887435	35.000000
32.907440	29.000000
32.927445	37.000000
32.947451	26.000000
32.967456	33.000000
32.987461	29.000000
33.007467	38.000000
33.027472	30.000000
33.047477	29.000000
33.067483	28.000000
33.087488	29.000000
33.107493	28.000000
33.127499	31.000000
33.147504	26.000000
33.167509	29.000000
33.187515	26.000000
33.207520	30.000000
33.227525	24.000000
33.247531	32.000000
33.267536	24.000000
33.287541	27.000000
33.307547	26.000000
33.327552	38.000000
33.347557	24.000000
33.367563	21.000000
33.387568	30.000000
33.407573	23.000000
33.427579	24.000000
33.447584	22.000000
33.467589	30.000000
33.487595	22.000000
33.507600	35.000000
33.527605	20.000000
33.547611	26.000000
33.567616	22.000000
33.587621	31.000000
33.607627	30.000000
33.627632	27.000000
33.647637	31.000000
33.667643	18.000000
33.687648	29.000000
33.707653	29.000000
33.727659	32.000000
33.747664	21.000000
33.767669	29.000000
33.787675	21.000000
33.807680	24.000000
33.827685	26.000000
33.847691	16.000000
33.867696	28.000000
33.887701	36.000000
33.907707	29.000000
33.927712	27.000000
33.947717	38.000000
33.967723	38.000000
33.987728	24.000000
34.007733	26.000000
34.027739	28.000000
34.047744	33.000000
34.067749	26.000000
34.087755	27.000000
34.107760	28.000000
34.127765	36.000000
34.147771	33.000000
34.167776	35.000000
34.187781	25.000000
34.207787	33.000000
34.227792	35.000000
34.247797	27.000000
34.267803	21.000000
34.287808	20.000000
34.307813	22.000000
34.327819	27.000000
34.347824	29.000000
34.367829	28.000000
34.387835	23.000000
34.407840	30.000000
34.427845	25.000000
34.447851	28.000000
34.467856	24.000000
34.487861	18.000000
34.507867	28.000000
34.527872	34.000000
34.547877	34.000000
34.567883	35.000000
34.587888	31.000000
34.607893	32.000000
34.627899	30.000000
34.647904	23.000000
34.667909	23.000000
34.687915	23.000000
34.707920	24.000000
34.727925	22.000000
34.747931	15.000000
34.767936	25.000000
34.787941	26.000000
34.807947	13.000000
34.827952	31.000000
34.847957	29.000000
34.867963	22.000000
34.887968	27.000000
34.907973	30.000000
34.927979	30.000000
34.947984	29.000000
34.967989	27.000000
34.987995	25.000000
35.008000	35.000000
35.028005	20.000000
35.048011	22.000000
35.068016	27.000000
35.088021	30.000000
35.108027	33.000000
35.128032	27.000000
35.148037	23.000000
35.168043	32.000000
35.188048	30.000000
35.208053	21.000000
35.228059	23.000000
35.248064	21.000000
35.268069	22.000000
35.288075	19.000000
35.308080	32.000000
35.328085	19.000000
35.348091	29.000000
35.368096	24.000000
35.388101	23.000000
35.408107	32.000000
35.428112	35.000000
35.448117	21.000000
35.468123	28.000000
35.488128	30.000000
35.508133	31.000000
35.528139	40.000000
35.548144	23.000000
35.568149	26.000000
35.588155	28.000000
35.608160	30.000000
35.628165	19.000000
35.648171	27.000000
35.668176	40.000000
35.688181	23.000000
35.708187	25.000000
35.728192	26.000000
35.748197	25.000000
35.768203	30.000000
35.788208	31.000000
35.808213	18.000000
35.828219	30.000000
35.848224	17.000000
35.868229	31.000000
35.888235	25.000000
35.908240	16.000000
35.928245	23.000000
35.948251	23.000000
35.968256	23.000000
35.988261	32.000000
36.008267	35.000000
36.028272	28.000000
36.048277	26.000000
36.068283	23.000000
36.088288	20.000000
36.108293	36.000000
36.128299	17.000000
36.148304	25.000000
36.168309	30.000000
36.188315	27.000000
36.208320	26.000000
36.228325	25.000000
36.248331	29.000000
36.268336	31.000000
36.288341	28.000000
36.308347	32.000000
36.328352	37.000000
36.348357	45.000000
36.368363	52.000000
36.388368	61.000000
36.408373	54.000000
36.428379	66.000000
36.448384	110.000000
36.468389	216.000000
36.488395	427.000000
36.508400	660.000000
36.528405	639.000000
36.548411	340.000000
36.568416	244.000000
36.588421	304.000000
36.608427	346.000000
36.628432	274.000000
36.648437	149.000000
36.668443	65.000000
36.688448	54.000000
36.708453	37.000000
36.728459	48.000000
36.748464	46.000000
36.768469	33.000000
36.788475	25.000000
36.808480	28.000000
36.828485	34.000000
36.848491	31.000000
36.868496	33.000000
36.888501	29.000000
36.908507	45.000000
36.928512	32.000000
36.948517	18.000000
36.968523	28.000000
36.988528	33.000000
37.008533	30.000000
37.028539	23.000000
37.048544	30.000000
37.068549	40.000000
37.088555	30.000000
37.108560	29.000000
37.128565	24.000000
37.148571	18.000000
37.168576	27.000000
37.188581	21.000000
37.208587	28.000000
37.228592	28.000000
37.248597	32.000000
37.268603	25.000000
37.288608	30.000000
37.308613	24.000000
37.328619	23.000000
37.348624	21.000000
37.368629	20.000000
37.388635	27.000000
37.408640	22.000000
37.428645	22.000000
37.448651	18.000000
37.468656	25.000000
37.488661	18.000000
37.508667	24.000000
37.528672	26.000000
37.548677	26.000000
37.568683	28.000000
37.588688	21.000000
37.608693	30.000000
37.628699	27.000000
37.648704	24.000000
37.668709	25.000000
37.688715	33.000000
37.708720	23.000000
37.728725	21.000000
37.748731	26.000000
37.768736	23.000000
37.788741	17.000000
37.808747	21.000000
37.828752	16.000000
37.848757	18.000000
37.868763	17.000000
37.888768	29.000000
37.908773	29.000000
37.928779	30.000000
37.948784	18.000000
37.968789	28.000000
37.988795	20.000000
38.008800	25.000000
38.028805	14.000000
38.048811	27.000000
38.068816	18.000000
38.088821	23.000000
38.108827	15.000000
38.128832	28.000000
38.148837	18.000000
38.168843	20.000000
38.188848	26.000000
38.208853	16.000000
38.228859	21.000000
38.248864	32.000000
38.268869	17.000000
38.288875	17.000000
38.308880	23.000000
38.328885	19.000000
38.348891	31.000000
38.368896	13.000000
38.388901	22.000000
38.408907	25.000000
38.428912	24.000000
38.448917	25.000000
38.468923	24.000000
38.488928	18.000000
38.508933	27.000000
38.528939	24.000000
38.548944	25.000000
38.568949	20.000000
38.588955	27.000000
38.608960	18.000000
38.628965	35.000000
38.648971	16.000000
38.668976	37.000000
38.688981	23.000000
38.708987	19.000000
38.728992	18.000000
38.748997	26.000000
38.769003	17.000000
38.789008	15.000000
38.809013	25.000000
38.829019	24.000000
38.849024	12.000000
38.869029	25.000000
38.889035	32.000000
38.909040	17.000000
38.929045	23.000000
38.949051	18.000000
38.969056	18.000000
38.989061	29.000000
39.009067	21.000000
39.029072	22.000000
39.049077	30.000000
39.069083	38.000000
39.089088	17.000000
39.109093	22.000000
39.129099	27.000000
39.149104	29.000000
39.169109	24.000000
39.189115	32.000000
39.209120	34.000000
39.229125	41.000000
39.249131	35.000000
39.269136	31.000000
39.289141	29.000000
39.309147	44.000000
39.329152	49.000000
39.349157	75.000000
39.369163	133.000000
39.389168	265.000000
39.409173	435.000000
39.429179	431.000000
39.449184	365.000000
39.469189	285.000000
39.489195	205.000000
39.509200	241.000000
39.529205	244.000000
39.549211	215.000000
39.569216	147.000000
39.589221	66.000000
39.609227	50.000000
39.629232	40.000000
39.649237	38.000000
39.669243	37.000000
39.689248	44.000000
39.709253	38.000000
39.729259	28.000000
39.749264	30.000000
39.769269	32.000000
39.789275	29.000000
39.809280	33.000000
39.829285	24.000000
39.849291	25.000000
39.869296	27.000000
39.889301	29.000000
39.909307	28.000000
39.929312	34.000000
39.949317	37.000000
39.969323	28.000000
39.989328	35.000000
40.009333	30.000000
40.029339	33.000000
40.049344	35.000000
40.069349	26.000000
40.089355	34.000000
40.109360	35.000000
40.129365	28.000000
40.149371	43.000000
40.169376	41.000000
40.189381	47.000000
40.209387	71.000000
40.229392	132.000000
40.249397	234.000000
40.269403	319.000000
40.289408	225.000000
40.309413	124.000000
40.329419	106.000000
40.349424	131.000000
40.369429	141.000000
40.389435	114.000000
40.409440	68.000000
40.429445	46.000000
40.449451	44.000000
40.469456	35.000000
40.489461	24.000000
40.509467	29.000000
40.529472	29.000000
40.549477	21.000000
40.569483	16.000000
40.589488	21.000000
40.609493	20.000000
40.629499	26.000000
40.649504	23.000000
40.669509	17.000000
40.689515	20.000000
40.709520	16.000000
40.729525	37.000000
40.749531	21.000000
40.769536	19.000000
40.789541	20.000000
40.809547	21.000000
40.829552	8.000000
40.849557	23.000000
40.869563	22.000000
40.889568	22.000000
40.909573	18.000000
40.929579	21.000000
40.949584	17.000000
40.969589	22.000000
40.989595	18.000000
41.009600	17.000000
41.029605	22.000000
41.049611	21.000000
41.069616	26.000000
41.089621	18.000000
41.109627	19.000000
41.129632	15.000000
41.149637	24.000000
41.169643	20.000000
41.189648	21.000000
41.209653	24.000000
41.229659	10.000000
41.249664	23.000000
41.269669	19.000000
41.289675	18.000000
41.309680	23.000000
41.329685	25.000000
41.349691	23.000000
41.369696	16.000000
41.389701	18.000000
41.409707	16.000000
41.429712	20.000000
41.449717	22.000000
41.469723	24.000000
41.489728	27.000000
41.509733	31.000000
41.529739	20.000000
41.549744	19.000000
41.569749	28.000000
41.589755	13.000000
41.609760	19.000000
41.629765	20.000000
41.649771	23.000000
41.669776	23.000000
41.689781	24.000000
41.709787	24.000000
41.729792	17.000000
41.749797	32.000000
41.769803	26.000000
41.789808	16.000000
41.809813	28.000000
41.829819	19.000000
41.849824	36.000000
41.869829	25.000000
41.889835	21.000000
41.909840	24.000000
41.929845	27.000000
41.949851	24.000000
41.969856	26.000000
41.989861	26.000000
42.009867	31.000000
42.029872	20.000000
42.049877	21.000000
42.069883	30.000000
42.089888	40.000000
42.109893	23.000000
42.129899	41.000000
42.149904	31.000000
42.169909	35.000000
42.189915	33.000000
42.209920	48.000000
42.229925	53.000000
42.249931	36.000000
42.269936	31.000000
42.289941	42.000000
42.309947	60.000000
42.329952	65.000000
42.349957	93.000000
42.369963	146.000000
42.389968	224.000000
42.409973	278.000000
42.429979	338.000000
42.449984	267.000000
42.469989	163.000000
42.489995	149.000000
42.510000	171.000000
42.530005	209.000000
42.550011	184.000000
42.570016	103.000000
42.590021	52.000000
42.610027	37.000000
42.630032	40.000000
42.650037	34.000000
42.670043	33.000000
42.690048	39.000000
42.710053	31.000000
42.730059	29.000000
42.750064	22.000000
42.770069	29.000000
42.790075	36.000000
42.810080	24.000000
42.830085	24.000000
42.850091	23.000000
42.870096	27.000000
42.890101	23.000000
42.910107	24.000000
42.930112	26.000000
42.950117	24.000000
42.970123	30.000000
42.990128	23.000000
43.010133	18.000000
43.030139	22.000000
43.050144	26.000000
43.070149	17.000000
43.090155	22.000000
43.110160	27.000000
43.130165	25.000000
43.150171	24.000000
43.170176	25.000000
43.190181	26.000000
43.210187	23.000000
43.230192	23.000000
43.250197	21.000000
43.270203	25.000000
43.290208	34.000000
43.310213	31.000000
43.330219	29.000000
43.350224	27.000000
43.370229	22.000000
43.390235	20.000000
43.410240	32.000000
43.430245	33.000000
43.450251	30.000000
43.470256	31.000000
43.490261	32.000000
43.510267	24.000000
43.530272	30.000000
43.550277	13.000000
43.570283	29.000000
43.590288	29.000000
43.610293	33.000000
43.630299	20.000000
43.650304	23.000000
43.670309	22.000000
43.690315	17.000000
43.710320	25.000000
43.730325	28.000000
43.750331	21.000000
43.770336	29.000000
43.790341	26.000000
43.810347	26.000000
43.830352	26.000000
43.850357	35.000000
43.870363	24.000000
43.890368	20.000000
43.910373	23.000000
43.930379	30.000000
43.950384	17.000000
43.970389	17.000000
43.990395	21.000000
44.010400	25.000000
44.030405	24.000000
44.050411	33.000000
44.070416	21.000000
44.090421	32.000000
44.110427	32.000000
44.130432	19.000000
44.150437	22.000000
44.170443	33.000000
44.190448	24.000000
44.210453	24.000000
44.230459	24.000000
44.250464	26.000000
44.270469	23.000000
44.290475	28.000000
44.310480	25.000000
44.330485	25.000000
44.350491	25.000000
44.370496	20.000000
44.390501	29.000000
44.410507	27.000000
44.430512	32.000000
44.450517	22.000000
44.470523	31.000000
44.490528	23.000000
44.510533	24.000000
44.530539	25.000000
44.550544	23.000000
44.570549	31.000000
44.590555	32.000000
44.610560	29.000000
44.630565	30.000000
44.650571	19.000000
44.670576	24.000000
44.690581	34.000000
44.710587	20.000000
44.730592	22.000000
44.750597	29.000000
44.770603	21.000000
44.790608	27.000000
44.810613	27.000000
44.830619	29.000000
44.850624	29.000000
44.870629	21.000000
44.890635	24.000000
44.910640	22.000000
44.930645	25.000000
44.950651	25.000000
44.970656	22.000000
44.990661	28.000000
45.010667	32.000000
45.030672	26.000000
45.050677	37.000000
45.070683	26.000000
45.090688	22.000000
45.110693	29.000000
45.130699	33.000000
45.150704	26.000000
45.170709	34.000000
45.190715	48.000000
45.210720	29.000000
45.230725	27.000000
45.250731	39.000000
45.270736	34.000000
45.290741	29.000000
45.310747	29.000000
45.330752	39.000000
45.350757	26.000000
45.370763	33.000000
45.390768	35.000000
45.410773	20.000000
45.430779	37.000000
45.450784	26.000000
45.470789	27.000000
45.490795	32.000000
45.510800	28.000000
45.530805	38.000000
45.550811	31.000000
45.570816	36.000000
45.590821	33.000000
45.610827	48.000000
45.630832	43.000000
45.650837	50.000000
45.670843	42.000000
45.690848	89.000000
45.710853	104.000000
45.730859	156.000000
45.750864	241.000000
45.770869	308.000000
45.790875	258.000000
45.810880	152.000000
45.830885	111.000000
45.850891	104.000000
45.870896	141.000000
45.890901	178.000000
45.910907	127.000000
45.930912	91.000000
45.950917	57.000000
45.970923	47.000000
45.990928	42.000000
46.010933	29.000000
46.030939	28.000000
46.050944	24.000000
46.070949	26.000000
46.090955	28.000000
46.110960	32.000000
46.130965	29.000000
46.150971	33.000000
46.170976	28.000000
46.190981	17.000000
46.210987	23.000000
46.230992	25.000000
46.250997	21.000000
46.271003	24.000000
46.291008	28.000000
46.311013	20.000000
46.331019	20.000000
46.351024	25.000000
46.371029	27.000000
46.391035	24.000000
46.411040	22.000000
46.431045	26.000000
46.451051	19.000000
46.471056	13.000000
46.491061	18.000000
46.511067	32.000000
46.531072	31.000000
46.551077	17.000000
46.571083	23.000000
46.591088	20.000000
46.611093	23.000000
46.631099	24.000000
46.651104	21.000000
46.671109	19.000000
46.691115	18.000000
46.711120	16.000000
46.731125	31.000000
46.751131	18.000000
46.771136	21.000000
46.791141	17.000000
46.811147	21.000000
46.831152	20.000000
46.851157	23.000000
46.871163	17.000000
46.891168	12.000000
46.911173	24.000000
46.931179	23.000000
46.951184	22.000000
46.971189	17.000000
46.991195	24.000000
47.011200	24.000000
47.031205	23.000000
47.051211	14.000000
47.071216	22.000000
47.091221	17.000000
47.111227	33.000000
47.131232	16.000000
47.151237	18.000000
47.171243	29.000000
47.191248	28.000000
47.211253	28.000000
47.231259	21.000000
47.251264	25.000000
47.271269	23.000000
47.291275	20.000000
47.311280	21.000000
47.331285	13.000000
47.351291	20.000000
47.371296	17.000000
47.391301	20.000000
47.411307	32.000000
47.431312	28.000000
47.451317	25.000000
47.471323	21.000000
47.491328	25.000000
47.511333	19.000000
47.531339	23.000000
47.551344	18.000000
47.571349	24.000000
47.591355	27.000000
47.611360	25.000000
47.631365	21.000000
47.651371	29.000000
47.671376	19.000000
47.691381	20.000000
47.711387	25.000000
47.731392	14.000000
47.751397	22.000000
47.771403	24.000000
47.791408	26.000000
47.811413	18.000000
47.831419	24.000000
47.851424	28.000000
47.871429	24.000000
47.891435	26.000000
47.911440	25.000000
47.931445	20.000000
47.951451	25.000000
47.971456	19.000000
47.991461	26.000000
48.011467	18.000000
48.031472	27.000000
48.051477	23.000000
48.071483	19.000000
48.091488	20.000000
48.111493	18.000000
48.131499	22.000000
48.151504	29.000000
48.171509	20.000000
48.191515	16.000000
48.211520	17.000000
48.231525	19.000000
48.251531	29.000000
48.271536	25.000000
48.291541	17.000000
48.311547	25.000000
48.331552	27.000000
48.351557	20.000000
48.371563	33.000000
48.391568	19.000000
48.411573	27.000000
48.431579	20.000000
48.451584	17.000000
48.471589	28.000000
48.491595	19.000000
48.511600	26.000000
48.531605	24.000000
48.551611	35.000000
48.571616	23.000000
48.591621	25.000000
48.611627	29.000000
48.631632	27.000000
48.651637	26.000000
48.671643	22.000000
48.691648	28.000000
48.711653	25.000000
48.731659	25.000000
48.751664	21.000000
48.771669	19.000000
48.791675	27.000000
48.811680	18.000000
48.831685	21.000000
48.851691	25.000000
48.871696	25.000000
48.891701	35.000000
48.911707	24.000000
48.931712	27.000000
48.951717	27.000000
48.971723	21.000000
48.991728	21.000000
49.011733	24.000000
49.031739	25.000000
49.051744	20.000000
49.071749	32.000000
49.091755	28.000000
49.111760	27.000000
49.131765	26.000000
49.151771	30.000000
49.171776	21.000000
49.191781	24.000000
49.211787	33.000000
49.231792	28.000000
49.251797	46.000000
49.271803	33.000000
49.291808	45.000000
49.311813	39.000000
49.331819	44.000000
49.351824	45.000000
49.371829	36.000000
49.391835	50.000000
49.411840	42.000000
49.431845	44.000000
49.451851	52.000000
49.471856	58.000000
49.491861	52.000000
49.511867	43.000000
49.531872	54.000000
49.551877	43.000000
49.571883	47.000000
49.591888	54.000000
49.611893	44.000000
49.631899	39.000000
49.651904	38.000000
49.671909	45.000000
49.691915	42.000000
49.711920	61.000000
49.731925	53.000000
49.751931	54.000000
49.771936	57.000000
49.791941	52.000000
49.811947	38.000000
49.831952	54.000000
49.851957	54.000000
49.871963	71.000000
49.891968	65.000000
49.911973	78.000000
49.931979	64.000000
49.951984	74.000000
49.971989	94.000000
49.991995	120.000000
50.012000	173.000000
50.032005	238.000000
50.052011	376.000000
50.072016	673.000000
50.092021	1120.000000
50.112027	1300.000000
50.132032	1247.000000
50.152037	885.000000
50.172043	503.000000
50.192048	383.000000
50.212053	445.000000
50.232059	652.000000
50.252064	660.000000
50.272069	604.000000
50.292075	328.000000
50.312080	170.000000
50.332085	120.000000
50.352091	70.000000
50.372096	72.000000
50.392101	56.000000
50.412107	54.000000
50.432112	51.000000
50.452117	29.000000
50.472123	48.000000
50.492128	48.000000
50.512133	36.000000
50.532139	28.000000
50.552144	42.000000
50.572149	37.000000
50.592155	35.000000
50.612160	36.000000
50.632165	30.000000
50.652171	35.000000
50.672176	18.000000
50.692181	35.000000
50.712187	38.000000
50.732192	36.000000
50.752197	31.000000
50.772203	25.000000
50.792208	19.000000
50.812213	32.000000
50.832219	21.000000
50.852224	20.000000
50.872229	24.000000
50.892235	31.000000
50.912240	24.000000
50.932245	27.000000
50.952251	27.000000
50.972256	25.000000
50.992261	21.000000
51.012267	16.000000
51.032272	22.000000
51.052277	22.000000
51.072283	20.000000
51.092288	25.000000
51.112293	19.000000
51.132299	23.000000
51.152304	28.000000
51.172309	22.000000
51.192315	26.000000
51.212320	23.000000
51.232325	14.000000
51.252331	23.000000
51.272336	23.000000
51.292341	15.000000
51.312347	25.000000
51.332352	21.000000
51.352357	17.000000
51.372363	27.000000
51.392368	24.000000
51.412373	25.000000
51.432379	21.000000
51.452384	26.000000
51.472389	19.000000
51.492395	30.000000
51.512400	17.000000
51.532405	19.000000
51.552411	21.000000
51.572416	16.000000
51.592421	20.000000
51.612427	16.000000
51.632432	23.000000
51.652437	18.000000
51.672443	19.000000
51.692448	26.000000
51.712453	23.000000
51.732459	23.000000
51.752464	16.000000
51.772469	15.000000
51.792475	22.000000
51.812480	22.000000
51.832485	14.000000
51.852491	32.000000
51.872496	26.000000
51.892501	19.000000
51.912507	26.000000
51.932512	14.000000
51.952517	22.000000
51.972523	18.000000
51.992528	22.000000
52.012533	29.000000
52.032539	21.000000
52.052544	24.000000
52.072549	11.000000
52.092555	17.000000
52.112560	14.000000
52.132565	21.000000
52.152571	28.000000
52.172576	19.000000
52.192581	29.000000
52.212587	21.000000
52.232592	27.000000
52.252597	19.000000
52.272603	20.000000
52.292608	16.000000
52.312613	19.000000
52.332619	21.000000
52.352624	29.000000
52.372629	16.000000
52.392635	15.000000
52.412640	19.000000
52.432645	14.000000
52.452651	17.000000
52.472656	17.000000
52.492661	17.000000
52.512667	20.000000
52.532672	12.000000
52.552677	26.000000
52.572683	21.000000
52.592688	25.000000
52.612693	21.000000
52.632699	16.000000
52.652704	24.000000
52.672709	26.000000
52.692715	21.000000
52.712720	26.000000
52.732725	17.000000
52.752731	24.000000
52.772736	21.000000
52.792741	14.000000
52.812747	15.000000
52.832752	27.000000
52.852757	25.000000
52.872763	25.000000
52.892768	17.000000
52.912773	16.000000
52.932779	19.000000
52.952784	18.000000
52.972789	22.000000
52.992795	23.000000
53.012800	25.000000
53.032805	16.000000
53.052811	13.000000
53.072816	18.000000
53.092821	25.000000
53.112827	19.000000
53.132832	19.000000
53.152837	25.000000
53.172843	16.000000
53.192848	21.000000
53.212853	24.000000
53.232859	25.000000
53.252864	21.000000
53.272869	25.000000
53.292875	18.000000
53.312880	17.000000
53.332885	20.000000
53.352891	23.000000
53.372896	16.000000
53.392901	20.000000
53.412907	22.000000
53.432912	15.000000
53.452917	22.000000
53.472923	21.000000
53.492928	25.000000
53.512933	26.000000
53.532939	17.000000
53.552944	11.000000
53.572949	17.000000
53.592955	18.000000
53.612960	19.000000
53.632965	21.000000
53.652971	24.000000
53.672976	17.000000
53.692981	19.000000
53.712987	23.000000
53.732992	21.000000
53.752997	22.000000
53.773003	13.000000
53.793008	14.000000
53.813013	20.000000
53.833019	25.000000
53.853024	21.000000
53.873029	17.000000
53.893035	19.000000
53.913040	18.000000
53.933045	24.000000
53.953051	13.000000
53.973056	17.000000
53.993061	24.000000
54.013067	24.000000
54.033072	16.000000
54.053077	23.000000
54.073083	17.000000
54.093088	20.000000
54.113093	23.000000
54.133099	22.000000
54.153104	18.000000
54.173109	23.000000
54.193115	23.000000
54.213120	31.000000
54.233125	19.000000
54.253131	22.000000
54.273136	29.000000
54.293141	26.000000
54.313147	13.000000
54.333152	12.000000
54.353157	20.000000
54.373163	16.000000
54.393168	19.000000
54.413173	24.000000
54.433179	26.000000
54.453184	26.000000
54.473189	22.000000
54.493195	38.000000
54.513200	16.000000
54.533205	35.000000
54.553211	23.000000
54.573216	22.000000
54.593221	29.000000
54.613227	20.000000
54.633232	33.000000
54.653237	36.000000
54.673243	27.000000
54.693248	41.000000
54.713253	40.000000
54.733259	65.000000
54.753264	79.000000
54.773269	88.000000
54.793275	116.000000
54.813280	171.000000
54.833285	307.000000
54.853291	363.000000
54.873296	267.000000
54.893301	176.000000
54.913307	112.000000
54.933312	109.000000
54.953317	128.000000
54.973323	146.000000
54.993328	159.000000
55.013333	180.000000
55.033339	137.000000
55.053344	79.000000
55.073349	50.000000
55.093355	38.000000
55.113360	35.000000
55.133365	33.000000
55.153371	36.000000
55.173376	26.000000
55.193381	32.000000
55.213387	39.000000
55.233392	47.000000
55.253397	69.000000
55.273403	72.000000
55.293408	102.000000
55.313413	99.000000
55.333419	85.000000
55.353424	46.000000
55.373429	42.000000
55.393435	55.000000
55.413440	41.000000
55.433445	54.000000
55.453451	61.000000
55.473456	62.000000
55.493461	38.000000
55.513467	35.000000
55.533472	30.000000
55.553477	39.000000
55.573483	26.000000
55.593488	26.000000
55.613493	29.000000
55.633499	16.000000
55.653504	28.000000
55.673509	18.000000
55.693515	18.000000
55.713520	23.000000
55.733525	23.000000
55.753531	22.000000
55.773536	24.000000
55.793541	19.000000
55.813547	18.000000
55.833552	21.000000
55.853557	24.000000
55.873563	26.000000
55.893568	24.000000
55.913573	24.000000
55.933579	23.000000
55.953584	17.000000
55.973589	14.000000
55.993595	14.000000
56.013600	21.000000
56.033605	30.000000
56.053611	22.000000
56.073616	29.000000
56.093621	19.000000
56.113627	21.000000
56.133632	15.000000
56.153637	14.000000
56.173643	17.000000
56.193648	22.000000
56.213653	10.000000
56.233659	18.000000
56.253664	23.000000
56.273669	13.000000
56.293675	20.000000
56.313680	17.000000
56.333685	22.000000
56.353691	16.000000
56.373696	20.000000
56.393701	23.000000
56.413707	25.000000
56.433712	26.000000
56.453717	23.000000
56.473723	17.000000
56.493728	21.000000
56.513733	21.000000
56.533739	16.000000
56.553744	33.000000
56.573749	25.000000
56.593755	25.000000
56.613760	19.000000
56.633765	18.000000
56.653771	16.000000
56.673776	27.000000
56.693781	20.000000
56.713787	20.000000
56.733792	25.000000
56.753797	21.000000
56.773803	21.000000
56.793808	25.000000
56.813813	31.000000
56.833819	13.000000
56.853824	25.000000
56.873829	23.000000
56.893835	28.000000
56.913840	18.000000
56.933845	22.000000
56.953851	18.000000
56.973856	18.000000
56.993861	14.000000
57.013867	13.000000
57.033872	20.000000
57.053877	14.000000
57.073883	14.000000
57.093888	16.000000
57.113893	17.000000
57.133899	26.000000
57.153904	16.000000
57.173909	22.000000
57.193915	43.000000
57.213920	26.000000
57.233925	30.000000
57.253931	21.000000
57.273936	20.000000
57.293941	20.000000
57.313947	14.000000
57.333952	26.000000
57.353957	16.000000
57.373963	26.000000
57.393968	28.000000
57.413973	21.000000
57.433979	18.000000
57.453984	28.000000
57.473989	26.000000
57.493995	26.000000
57.514000	21.000000
57.534005	20.000000
57.554011	16.000000
57.574016	19.000000
57.594021	18.000000
57.614027	21.000000
57.634032	19.000000
57.654037	28.000000
57.674043	21.000000
57.694048	13.000000
57.714053	27.000000
57.734059	17.000000
57.754064	22.000000
57.774069	17.000000
57.794075	17.000000
57.814080	19.000000
57.834085	25.000000
57.854091	18.000000
57.874096	13.000000
57.894101	11.000000
57.914107	17.000000
57.934112	16.000000
57.954117	29.000000
57.974123	16.000000
57.994128	18.000000
58.014133	16.000000
58.034139	20.000000
58.054144	20.000000
58.074149	11.000000
58.094155	21.000000
58.114160	14.000000
58.134165	14.000000
58.154171	11.000000
58.174176	19.000000
58.194181	15.000000
58.214187	21.000000
58.234192	17.000000
58.254197	19.000000
58.274203	15.000000
58.294208	20.000000
58.314213	25.000000
58.334219	19.000000
58.354224	31.000000
58.374229	12.000000
58.394235	25.000000
58.414240	20.000000
58.434245	12.000000
58.454251	21.000000
58.474256	24.000000
58.494261	29.000000
58.514267	19.000000
58.534272	17.000000
58.554277	23.000000
58.574283	19.000000
58.594288	26.000000
58.614293	15.000000
58.634299	17.000000
58.654304	17.000000
58.674309	21.000000
58.694315	23.000000
58.714320	19.000000
58.734325	18.000000
58.754331	22.000000
58.774336	27.000000
58.794341	21.000000
58.814347	26.000000
58.834352	20.000000
58.854357	23.000000
58.874363	20.000000
58.894368	25.000000
58.914373	22.000000
58.934379	24.000000
58.954384	16.000000
58.974389	15.000000
58.994395	20.000000
59.014400	19.000000
59.034405	20.000000
59.054411	23.000000
59.074416	16.000000
59.094421	30.000000
59.114427	16.000000
59.134432	25.000000
59.154437	17.000000
59.174443	19.000000
59.194448	19.000000
59.214453	21.000000
59.234459	29.000000
59.254464	15.000000
59.274469	20.000000
59.294475	23.000000
59.314480	27.000000
59.334485	15.000000
59.354491	24.000000
59.374496	18.000000
59.394501	19.000000
59.414507	21.000000
59.434512	24.000000
59.454517	18.000000
59.474523	24.000000
59.494528	29.000000
59.514533	17.000000
59.534539	27.000000
59.554544	33.000000
59.574549	29.000000
59.594555	21.000000
59.614560	35.000000
59.634565	42.000000
59.654571	51.000000
59.674576	44.000000
59.694581	56.000000
59.714587	48.000000
59.734592	46.000000
59.754597	61.000000
59.774603	64.000000
59.794608	88.000000
59.814613	101.000000
59.834619	149.000000
59.854624	203.000000
59.874629	276.000000
59.894635	469.000000
59.914640	723.000000
59.934645	1130.000000
59.954651	1224.000000
59.974656	804.000000
59.994661	403.000000
60.014667	254.000000
60.034672	234.000000
60.054677	265.000000
60.074683	347.000000
60.094688	582.000000
60.114693	595.000000
60.134699	405.000000
60.154704	260.000000
60.174709	124.000000
60.194715	99.000000
60.214720	49.000000
60.234725	62.000000
60.254731	47.000000
60.274736	41.000000
60.294741	35.000000
60.314747	44.000000
60.334752	27.000000
60.354757	37.000000
60.374763	19.000000
60.394768	30.000000
60.414773	28.000000
60.434779	22.000000
60.454784	22.000000
60.474789	23.000000
60.494795	19.000000
60.514800	26.000000
60.534805	19.000000
60.554811	22.000000
60.574816	22.000000
60.594821	25.000000
60.614827	23.000000
60.634832	21.000000
60.654837	19.000000
60.674843	19.000000
60.694848	26.000000
60.714853	18.000000
60.734859	17.000000
60.754864	20.000000
60.774869	23.000000
60.794875	23.000000
60.814880	19.000000
60.834885	16.000000
60.854891	14.000000
60.874896	16.000000
60.894901	22.000000
60.914907	18.000000
60.934912	19.000000
60.954917	19.000000
60.974923	13.000000
60.994928	14.000000
61.014933	18.000000
61.034939	20.000000
61.054944	25.000000
61.074949	19.000000
61.094955	18.000000
61.114960	19.000000
61.134965	16.000000
61.154971	14.000000
61.174976	22.000000
61.194981	15.000000
61.214987	15.000000
61.234992	18.000000
61.254997	14.000000
61.275003	16.000000
61.295008	17.000000
61.315013	12.000000
61.335019	19.000000
61.355024	18.000000
61.375029	14.000000
61.395035	17.000000
61.415040	21.000000
61.435045	16.000000
61.455051	12.000000
61.475056	19.000000
61.495061	14.000000
61.515067	18.000000
61.535072	14.000000
61.555077	20.000000
61.575083	14.000000
61.595088	15.000000
61.615093	10.000000
61.635099	17.000000
61.655104	17.000000
61.675109	16.000000
61.695115	17.000000
61.715120	19.000000
61.735125	19.000000
61.755131	22.000000
61.775136	20.000000
61.795141	22.000000
61.815147	25.000000
61.835152	16.000000
61.855157	17.000000
61.875163	13.000000
61.895168	18.000000
61.915173	15.000000
61.935179	15.000000
61.955184	12.000000
61.975189	28.000000
61.995195	11.000000
62.015200	12.000000
62.035205	17.000000
62.055211	16.000000
62.075216	16.000000
62.095221	14.000000
62.115227	19.000000
62.135232	23.000000
62.155237	21.000000
62.175243	16.000000
62.195248	18.000000
62.215253	13.000000
62.235259	17.000000
62.255264	23.000000
62.275269	19.000000
62.295275	15.000000
62.315280	15.000000
62.335285	12.000000
62.355291	14.000000
62.375296	17.000000
62.395301	17.000000
62.415307	11.000000
62.435312	22.000000
62.455317	15.000000
62.475323	17.000000
62.495328	15.000000
62.515333	9.000000
62.535339	8.000000
62.555344	19.000000
62.575349	14.000000
62.595355	19.000000
62.615360	15.000000
62.635365	19.000000
62.655371	16.000000
62.675376	18.000000
62.695381	18.000000
62.715387	20.000000
62.735392	20.000000
62.755397	21.000000
62.775403	16.000000
62.795408	18.000000
62.815413	23.000000
62.835419	18.000000
62.855424	18.000000
62.875429	14.000000
62.895435	15.000000
62.915440	22.000000
62.935445	17.000000
62.955451	22.000000
62.975456	13.000000
62.995461	22.000000
63.015467	21.000000
63.035472	15.000000
63.055477	25.000000
63.075483	20.000000
63.095488	16.000000
63.115493	14.000000
63.135499	14.000000
63.155504	25.000000
63.175509	13.000000
63.195515	16.000000
63.215520	17.000000
63.235525	19.000000
63.255531	14.000000
63.275536	23.000000
63.295541	10.000000
63.315547	16.000000
63.335552	16.000000
63.355557	10.000000
63.375563	13.000000
63.395568	18.000000
63.415573	16.000000
63.435579	20.000000
63.455584	19.000000
63.475589	25.000000
63.495595	19.000000
63.515600	11.000000
63.535605	11.000000
63.555611	11.000000
63.575616	10.000000
63.595621	16.000000
63.615627	8.000000
63.635632	12.000000
63.655637	16.000000
63.675643	20.000000
63.695648	16.000000
63.715653	16.000000
63.735659	30.000000
63.755664	23.000000
63.775669	16.000000
63.795675	22.000000
63.815680	30.000000
63.835685	21.000000
63.855691	23.000000
63.875696	27.000000
63.895701	23.000000
63.915707	36.000000
63.935712	37.000000
63.955717	50.000000
63.975723	53.000000
63.995728	100.000000
64.015733	82.000000
64.035739	84.000000
64.055744	62.000000
64.075749	29.000000
64.095755	46.000000
64.115760	34.000000
64.135765	41.000000
64.155771	40.000000
64.175776	51.000000
64.195781	55.000000
64.215787	45.000000
64.235792	38.000000
64.255797	27.000000
64.275803	23.000000
64.295808	22.000000
64.315813	22.000000
64.335819	16.000000
64.355824	19.000000
64.375829	24.000000
64.395835	17.000000
64.415840	19.000000
64.435845	13.000000
64.455851	14.000000
64.475856	16.000000
64.495861	24.000000
64.515867	19.000000
64.535872	12.000000
64.555877	19.000000
64.575883	18.000000
64.595888	14.000000
64.615893	15.000000
64.635899	7.000000
64.655904	20.000000
64.675909	21.000000
64.695915	18.000000
64.715920	22.000000
64.735925	17.000000
64.755931	15.000000
64.775936	15.000000
64.795941	19.000000
64.815947	17.000000
64.835952	15.000000
64.855957	12.000000
64.875963	29.000000
64.895968	18.000000
64.915973	24.000000
64.935979	15.000000
64.955984	22.000000
64.975989	22.000000
64.995995	20.000000
65.016000	15.000000
65.036005	11.000000
65.056011	18.000000
65.076016	18.000000
65.096021	18.000000
65.116027	14.000000
65.136032	9.000000
65.156037	21.000000
65.176043	14.000000
65.196048	14.000000
65.216053	16.000000
65.236059	20.000000
65.256064	13.000000
65.276069	22.000000
65.296075	18.000000
65.316080	17.000000
65.336085	15.000000
65.356091	18.000000
65.376096	27.000000
65.396101	22.000000
65.416107	22.000000
65.436112	16.000000
65.456117	16.000000
65.476123	19.000000
65.496128	24.000000
65.516133	20.000000
65.536139	16.000000
65.556144	19.000000
65.576149	17.000000
65.596155	17.000000
65.616160	19.000000
65.636165	15.000000
65.656171	17.000000
65.676176	22.000000
65.696181	20.000000
65.716187	28.000000
65.736192	42.000000
65.756197	38.000000
65.776203	39.000000
65.796208	33.000000
65.816213	28.000000
65.836219	29.000000
65.856224	25.000000
65.876229	31.000000
65.896235	21.000000
65.916240	26.000000
65.936245	22.000000
65.956251	30.000000
65.976256	29.000000
65.996261	25.000000
66.016267	16.000000
66.036272	15.000000
66.056277	15.000000
66.076283	14.000000
66.096288	25.000000
66.116293	13.000000
66.136299	13.000000
66.156304	18.000000
66.176309	13.000000
66.196315	14.000000
66.216320	20.000000
66.236325	25.000000
66.256331	11.000000
66.276336	26.000000
66.296341	10.000000
66.316347	21.000000
66.336352	16.000000
66.356357	24.000000
66.376363	15.000000
66.396368	20.000000
66.416373	16.000000
66.436379	19.000000
66.456384	25.000000
66.476389	17.000000
66.496395	18.000000
66.516400	17.000000
66.536405	16.000000
66.556411	22.000000
66.576416	20.000000
66.596421	22.000000
66.616427	24.000000
66.636432	17.000000
66.656437	25.000000
66.676443	17.000000
66.696448	22.000000
66.716453	18.000000
66.736459	20.000000
66.756464	17.000000
66.776469	16.000000
66.796475	19.000000
66.816480	19.000000
66.836485	14.000000
66.856491	17.000000
66.876496	17.000000
66.896501	21.000000
66.916507	12.000000
66.936512	10.000000
66.956517	17.000000
66.976523	20.000000
66.996528	20.000000
67.016533	16.000000
67.036539	24.000000
67.056544	17.000000
67.076549	17.000000
67.096555	18.000000
67.116560	16.000000
67.136565	22.000000
67.156571	22.000000
67.176576	22.000000
67.196581	24.000000
67.216587	17.000000
67.236592	24.000000
67.256597	22.000000
67.276603	21.000000
67.296608	18.000000
67.316613	25.000000
67.336619	27.000000
67.356624	21.000000
67.376629	21.000000
67.396635	27.000000
67.416640	20.000000
67.436645	35.000000
67.456651	35.000000
67.476656	30.000000
67.496661	21.000000
67.516667	29.000000
67.536672	38.000000
67.556677	56.000000
67.576683	62.000000
67.596688	55.000000
67.616693	70.000000
67.636699	117.000000
67.656704	165.000000
67.676709	206.000000
67.696715	295.000000
67.716720	356.000000
67.736725	402.000000
67.756731	304.000000
67.776736	216.000000
67.796741	143.000000
67.816747	108.000000
67.836752	112.000000
67.856757	103.000000
67.876763	137.000000
67.896768	191.000000
67.916773	213.000000
67.936779	232.000000
67.956784	181.000000
67.976789	105.000000
67.996795	103.000000
68.016800	87.000000
68.036805	127.000000
68.056811	149.000000
68.076816	214.000000
68.096821	265.000000
68.116827	327.000000
68.136832	338.000000
68.156837	282.000000
68.176843	188.000000
68.196848	164.000000
68.216853	165.000000
68.236859	234.000000
68.256864	302.000000
68.276869	343.000000
68.296875	391.000000
68.316880	394.000000
68.336885	302.000000
68.356891	179.000000
68.376896	154.000000
68.396901	114.000000
68.416907	103.000000
68.436912	129.000000
68.456917	134.000000
68.476923	150.000000
68.496928	150.000000
68.516933	98.000000
68.536939	58.000000
68.556944	56.000000
68.576949	47.000000
68.596955	33.000000
68.616960	25.000000
68.636965	32.000000
68.656971	17.000000
68.676976	24.000000
68.696981	25.000000
68.716987	19.000000
68.736992	33.000000
68.756997	16.000000
68.777003	15.000000
68.797008	13.000000
68.817013	16.000000
68.837019	25.000000
68.857024	27.000000
68.877029	27.000000
68.897035	23.000000
68.917040	23.000000
68.937045	19.000000
68.957051	11.000000
68.977056	22.000000
68.997061	19.000000
69.017067	21.000000
69.037072	19.000000
69.057077	15.000000
69.077083	22.000000
69.097088	17.000000
69.117093	12.000000
69.137099	16.000000
69.157104	22.000000
69.177109	16.000000
69.197115	21.000000
69.217120	20.000000
69.237125	12.000000
69.257131	13.000000
69.277136	23.000000
69.297141	17.000000
69.317147	13.000000
69.337152	13.000000
69.357157	22.000000
69.377163	18.000000
69.397168	18.000000
69.417173	15.000000
69.437179	10.000000
69.457184	14.000000
69.477189	17.000000
69.497195	19.000000
69.517200	16.000000
69.537205	14.000000
69.557211	15.000000
69.577216	11.000000
69.597221	19.000000
69.617227	16.000000
69.637232	20.000000
69.657237	11.000000
69.677243	14.000000
69.697248	21.000000
69.717253	25.000000
69.737259	16.000000
69.757264	19.000000
69.777269	20.000000
69.797275	19.000000
69.817280	20.000000
69.837285	19.000000
69.857291	21.000000
69.877296	11.000000
69.897301	14.000000
69.917307	20.000000
69.937312	22.000000
69.957317	14.000000
69.977323	9.000000
69.997328	15.000000
70.017333	14.000000
70.037339	18.000000
70.057344	15.000000
70.077349	15.000000
70.097355	11.000000
70.117360	18.000000
70.137365	19.000000
70.157371	15.000000
70.177376	14.000000
70.197381	14.000000
70.217387	10.000000
70.237392	16.000000
70.257397	15.000000
70.277403	11.000000
70.297408	18.000000
70.317413	14.000000
70.337419	13.000000
70.357424	13.000000
70.377429	17.000000
70.397435	9.000000
70.417440	14.000000
70.437445	16.000000
70.457451	14.000000
70.477456	17.000000
70.497461	15.000000
70.517467	17.000000
70.537472	10.000000
70.557477	17.000000
70.577483	11.000000
70.597488	13.000000
70.617493	15.000000
70.637499	15.000000
70.657504	16.000000
70.677509	14.000000
70.697515	17.000000
70.717520	13.000000
70.737525	17.000000
70.757531	12.000000
70.777536	20.000000
70.797541	14.000000
70.817547	20.000000
70.837552	12.000000
70.857557	16.000000
70.877563	14.000000
70.897568	18.000000
70.917573	11.000000
70.937579	23.000000
70.957584	13.000000
70.977589	18.000000
70.997595	15.000000
71.017600	13.000000
71.037605	18.000000
71.057611	16.000000
71.077616	13.000000
71.097621	20.000000
71.117627	19.000000
71.137632	15.000000
71.157637	11.000000
71.177643	16.000000
71.197648	8.000000
71.217653	9.000000
71.237659	18.000000
71.257664	16.000000
71.277669	14.000000
71.297675	12.000000
71.317680	13.000000
71.337685	22.000000
71.357691	10.000000
71.377696	8.000000
71.397701	17.000000
71.417707	9.000000
71.437712	12.000000
71.457717	14.000000
71.477723	14.000000
71.497728	14.000000
71.517733	24.000000
71.537739	12.000000
71.557744	19.000000
71.577749	17.000000
71.597755	24.000000
71.617760	21.000000
71.637765	13.000000
71.657771	10.000000
71.677776	22.000000
71.697781	16.000000
71.717787	17.000000
71.737792	8.000000
71.757797	16.000000
71.777803	11.000000
71.797808	13.000000
71.817813	18.000000
71.837819	15.000000
71.857824	14.000000
71.877829	12.000000
71.897835	14.000000
71.917840	17.000000
71.937845	10.000000
71.957851	17.000000
71.977856	21.000000
71.997861	20.000000
72.017867	14.000000
72.037872	18.000000
72.057877	13.000000
72.077883	17.000000
72.097888	11.000000
72.117893	15.000000
72.137899	15.000000
72.157904	17.000000
72.177909	16.000000
72.197915	20.000000
72.217920	14.000000
72.237925	15.000000
72.257931	14.000000
72.277936	17.000000
72.297941	16.000000
72.317947	20.000000
72.337952	11.000000
72.357957	13.000000
72.377963	6.000000
72.397968	21.000000
72.417973	15.000000
72.437979	11.000000
72.457984	12.000000
72.477989	20.000000
72.497995	9.000000
72.518000	16.000000
72.538005	8.000000
72.558011	13.000000
72.578016	20.000000
72.598021	17.000000
72.618027	18.000000
72.638032	14.000000
72.658037	13.000000
72.678043	11.000000
72.698048	10.000000
72.718053	25.000000
72.738059	16.000000
72.758064	12.000000
72.778069	22.000000
72.798075	11.000000
72.818080	16.000000
72.838085	9.000000
72.858091	22.000000
72.878096	18.000000
72.898101	15.000000
72.918107	23.000000
72.938112	19.000000
72.958117	10.000000
72.978123	19.000000
72.998128	8.000000
73.018133	20.000000
73.038139	13.000000
73.058144	13.000000
73.078149	20.000000
73.098155	14.000000
73.118160	10.000000
73.138165	15.000000
73.158171	20.000000
73.178176	17.000000
73.198181	18.000000
73.218187	22.000000
73.238192	18.000000
73.258197	22.000000
73.278203	21.000000
73.298208	23.000000
73.318213	30.000000
73.338219	42.000000
73.358224	45.000000
73.378229	47.000000
73.398235	71.000000
73.418240	96.000000
73.438245	127.000000
73.458251	120.000000
73.478256	80.000000
73.498261	63.000000
73.518267	55.000000
73.538272	49.000000
73.558277	31.000000
73.578283	38.000000
73.598288	39.000000
73.618293	53.000000
73.638299	54.000000
73.658304	79.000000
73.678309	54.000000
73.698315	42.000000
73.718320	36.000000
73.738325	22.000000
73.758331	22.000000
73.778336	20.000000
73.798341	22.000000
73.818347	16.000000
73.838352	14.000000
73.858357	16.000000
73.878363	19.000000
73.898368	17.000000
73.918373	16.000000
73.938379	17.000000
73.958384	16.000000
73.978389	17.000000
73.998395	19.000000
74.018400	19.000000
74.038405	21.000000
74.058411	13.000000
74.078416	17.000000
74.098421	8.000000
74.118427	20.000000
74.138432	21.000000
74.158437	15.000000
74.178443	18.000000
74.198448	10.000000
74.218453	11.000000
74.238459	22.000000
74.258464	15.000000
74.278469	14.000000
74.298475	17.000000
74.318480	16.000000
74.338485	18.000000
74.358491	14.000000
74.378496	19.000000
74.398501	13.000000
74.418507	17.000000
74.438512	16.000000
74.458517	23.000000
74.478523	14.000000
74.498528	11.000000
74.518533	14.000000
74.538539	20.000000
74.558544	14.000000
74.578549	17.000000
74.598555	12.000000
74.618560	24.000000
74.638565	11.000000
74.658571	15.000000
74.678576	12.000000
74.698581	13.000000
74.718587	18.000000
74.738592	10.000000
74.758597	14.000000
74.778603	18.000000
74.798608	19.000000
74.818613	17.000000
74.838619	18.000000
74.858624	22.000000
74.878629	14.000000
74.898635	13.000000
74.918640	21.000000
74.938645	11.000000
74.958651	16.000000
74.978656	14.000000
74.998661	25.000000
75.018667	19.000000
75.038672	15.000000
75.058677	22.000000
75.078683	12.000000
75.098688	19.000000
75.118693	12.000000
75.138699	13.000000
75.158704	21.000000
75.178709	17.000000
75.198715	14.000000
75.218720	15.000000
75.238725	21.000000
75.258731	16.000000
75.278736	19.000000
75.298741	17.000000
75.318747	16.000000
75.338752	20.000000
75.358757	17.000000
75.378763	15.000000
75.398768	17.000000
75.418773	14.000000
75.438779	24.000000
75.458784	31.000000
75.478789	37.000000
75.498795	29.000000
75.518800	44.000000
75.538805	45.000000
75.558811	61.000000
75.578816	116.000000
75.598821	118.000000
75.618827	175.000000
75.638832	207.000000
75.658837	173.000000
75.678843	107.000000
75.698848	94.000000
75.718853	64.000000
75.738859	51.000000
75.758864	59.000000
75.778869	47.000000
75.798875	66.000000
75.818880	69.000000
75.838885	113.000000
75.858891	114.000000
75.878896	89.000000
75.898901	83.000000
75.918907	70.000000
75.938912	39.000000
75.958917	47.000000
75.978923	26.000000
75.998928	29.000000
76.018933	14.000000
76.038939	30.000000
76.058944	15.000000
76.078949	19.000000
76.098955	12.000000
76.118960	17.000000
76.138965	16.000000
76.158971	20.000000
76.178976	15.000000
76.198981	20.000000
76.218987	16.000000
76.238992	17.000000
76.258997	19.000000
76.279003	18.000000
76.299008	14.000000
76.319013	19.000000
76.339019	15.000000
76.359024	18.000000
76.379029	12.000000
76.399035	11.000000
76.419040	18.000000
76.439045	16.000000
76.459051	16.000000
76.479056	15.000000
76.499061	19.000000
76.519067	19.000000
76.539072	17.000000
76.559077	23.000000
76.579083	13.000000
76.599088	20.000000
76.619093	16.000000
76.639099	10.000000
76.659104	11.000000
76.679109	18.000000
76.699115	19.000000
76.719120	19.000000
76.739125	19.000000
76.759131	8.000000
76.779136	9.000000
76.799141	14.000000
76.819147	13.000000
76.839152	16.000000
76.859157	12.000000
76.879163	18.000000
76.899168	8.000000
76.919173	15.000000
76.939179	13.000000
76.959184	11.000000
76.979189	25.000000
76.999195	16.000000
77.019200	19.000000
77.039205	13.000000
77.059211	21.000000
77.079216	13.000000
77.099221	13.000000
77.119227	18.000000
77.139232	13.000000
77.159237	15.000000
77.179243	14.000000
77.199248	15.000000
77.219253	18.000000
77.239259	15.000000
77.259264	18.000000
77.279269	17.000000
77.299275	12.000000
77.319280	16.000000
77.339285	15.000000
77.359291	17.000000
77.379296	23.000000
77.399301	12.000000
77.419307	18.000000
77.439312	22.000000
77.459317	27.000000
77.479323	22.000000
77.499328	30.000000
77.519333	27.000000
77.539339	33.000000
77.559344	38.000000
77.579349	37.000000
77.599355	46.000000
77.619360	64.000000
77.639365	61.000000
77.659371	87.000000
77.679376	60.000000
77.699381	52.000000
77.719387	28.000000
77.739392	32.000000
77.759397	35.000000
77.779403	39.000000
77.799408	27.000000
77.819413	29.000000
77.839419	39.000000
77.859424	42.000000
77.879429	45.000000
77.899435	47.000000
77.919440	33.000000
77.939445	24.000000
77.959451	17.000000
77.979456	22.000000
77.999461	8.000000
78.019467	15.000000
78.039472	17.000000
78.059477	10.000000
78.079483	17.000000
78.099488	19.000000
78.119493	13.000000
78.139499	14.000000
78.159504	15.000000
78.179509	11.000000
78.199515	16.000000
78.219520	14.000000
78.239525	13.000000
78.259531	16.000000
78.279536	17.000000
78.299541	7.000000
78.319547	12.000000
78.339552	18.000000
78.359557	25.000000
78.379563	15.000000
78.399568	21.000000
78.419573	11.000000
78.439579	16.000000
78.459584	22.000000
78.479589	16.000000
78.499595	16.000000
78.519600	15.000000
78.539605	13.000000
78.559611	18.000000
78.579616	7.000000
78.599621	14.000000
78.619627	24.000000
78.639632	22.000000
78.659637	11.000000
78.679643	17.000000
78.699648	8.000000
78.719653	18.000000
78.739659	12.000000
78.759664	19.000000
78.779669	13.000000
78.799675	11.000000
78.819680	16.000000
78.839685	17.000000
78.859691	16.000000
78.879696	14.000000
78.899701	17.000000
78.919707	22.000000
78.939712	19.000000
78.959717	9.000000
78.979723	17.000000
78.999728	14.000000
79.019733	22.000000
79.039739	16.000000
79.059744	15.000000
79.079749	15.000000
79.099755	7.000000
79.119760	15.000000
79.139765	12.000000
79.159771	13.000000
79.179776	20.000000
79.199781	11.000000
79.219787	12.000000
79.239792	17.000000
79.259797	14.000000
79.279803	26.000000
79.299808	16.000000
79.319813	11.000000
79.339819	13.000000
79.359824	18.000000
79.379829	12.000000
79.399835	18.000000
79.419840	20.000000
79.439845	11.000000
79.459851	7.000000
79.479856	18.000000
79.499861	23.000000
79.519867	15.000000
79.539872	16.000000
79.559877	16.000000
79.579883	19.000000
79.599888	20.000000
79.619893	25.000000
79.639899	23.000000
79.659904	17.000000
79.679909	30.000000
79.699915	28.000000
79.719920	20.000000
79.739925	49.000000
79.759931	43.000000
79.779936	63.000000
79.799941	88.000000
79.819947	108.000000
79.839952	148.000000
79.859957	218.000000
79.879963	253.000000
79.899968	170.000000
79.919973	138.000000
79.939979	104.000000
79.959984	64.000000
79.979989	71.000000
79.999995	80.000000
80.020000	81.000000
