10.000000 66.000000
10.020000 74.000000
10.040000 66.000000
10.060000 67.000000
10.080000 64.000000
10.100000 57.000000
10.120000 64.000000
10.140000 60.000000
10.160000 58.000000
10.180000 63.000000
10.200000 83.000000
10.220000 60.000000
10.240000 81.000000
10.260000 71.000000
10.280000 69.000000
10.300000 73.000000
10.320000 65.000000
10.340000 83.000000
10.360000 62.000000
10.380000 71.000000
10.400000 62.000000
10.420000 87.000000
10.440000 62.000000
10.460000 74.000000
10.480000 78.000000
10.500000 66.000000
10.520000 74.000000
10.540000 60.000000
10.560000 73.000000
10.580000 78.000000
10.600000 67.000000
10.620000 64.000000
10.640000 63.000000
10.660000 57.000000
10.680000 58.000000
10.700000 64.000000
10.720000 64.000000
10.740000 50.000000
10.760000 68.000000
10.780000 64.000000
10.800000 76.000000
10.820000 75.000000
10.840000 73.000000
10.860000 69.000000
10.880000 76.000000
10.900000 64.000000
10.920000 77.000000
10.940000 87.000000
10.960000 73.000000
10.980000 58.000000
11.000000 74.000000
11.020000 66.000000
11.040000 49.000000
11.060000 76.000000
11.080000 55.000000
11.100000 65.000000
11.120000 71.000000
11.140000 55.000000
11.160000 69.000000
11.180000 64.000000
11.200000 65.000000
11.220000 69.000000
11.240000 68.000000
11.260000 72.000000
11.280000 65.000000
11.300000 61.000000
11.320000 63.000000
11.340000 69.000000
11.360000 73.000000
11.380000 71.000000
11.400000 59.000000
11.420000 69.000000
11.440000 68.000000
11.460000 75.000000
11.480000 52.000000
11.500000 78.000000
11.520000 65.000000
11.540000 65.000000
11.560000 48.000000
11.580000 70.000000
11.600000 66.000000
11.620000 70.000000
11.640000 72.000000
11.660000 73.000000
11.680000 72.000000
11.700000 62.000000
11.720000 68.000000
11.740000 72.000000
11.760000 63.000000
11.780000 66.000000
11.800000 62.000000
11.820000 60.000000
11.840000 72.000000
11.860000 64.000000
11.880000 60.000000
11.900000 65.000000
11.920000 73.000000
11.940000 60.000000
11.960000 74.000000
11.980000 74.000000
12.000000 62.000000
12.020000 68.000000
12.040000 72.000000
12.060000 72.000000
12.080000 73.000000
12.100000 74.000000
12.120000 74.000000
12.140000 92.000000
12.160000 76.000000
12.180000 83.000000
12.200000 70.000000
12.220000 85.000000
12.240000 80.000000
12.260000 83.000000
12.280000 73.000000
12.300000 87.000000
12.320000 100.000000
12.340000 96.000000
12.360000 89.000000
12.380000 93.000000
12.400000 81.000000
12.420000 80.000000
12.440000 67.000000
12.460000 78.000000
12.480000 78.000000
12.500000 63.000000
12.520000 73.000000
12.540000 83.000000
12.560000 66.000000
12.580000 70.000000
12.600000 58.000000
12.620000 71.000000
12.640000 89.000000
12.660000 75.000000
12.680000 65.000000
12.700000 70.000000
12.720000 73.000000
12.740000 77.000000
12.760000 77.000000
12.780000 68.000000
12.800000 76.000000
12.820000 84.000000
12.840000 62.000000
12.860000 62.000000
12.880000 76.000000
12.900000 75.000000
12.920000 85.000000
12.940000 64.000000
12.960000 73.000000
12.980000 84.000000
13.000000 75.000000
13.020000 70.000000
13.040000 50.000000
13.060000 78.000000
13.080000 88.000000
13.100000 78.000000
13.120000 69.000000
13.140000 80.000000
13.160000 71.000000
13.180000 59.000000
13.200000 79.000000
13.220000 74.000000
13.240000 83.000000
13.260000 87.000000
13.280000 74.000000
13.300000 70.000000
13.320000 67.000000
13.340000 84.000000
13.360000 71.000000
13.380000 68.000000
13.400000 78.000000
13.420000 77.000000
13.440000 72.000000
13.460000 80.000000
13.480000 78.000000
13.500000 68.000000
13.520000 61.000000
13.540000 70.000000
13.560000 86.000000
13.580000 77.000000
13.600000 59.000000
13.620000 78.000000
13.640000 77.000000
13.660000 88.000000
13.680000 71.000000
13.700000 72.000000
13.720000 71.000000
13.740000 82.000000
13.760000 69.000000
13.780000 70.000000
13.800000 83.000000
13.820000 68.000000
13.840000 78.000000
13.860000 77.000000
13.880000 97.000000
13.900000 65.000000
13.920000 88.000000
13.940000 65.000000
13.960000 69.000000
13.980000 71.000000
14.000000 65.000000
14.020000 79.000000
14.040000 77.000000
14.060000 60.000000
14.080000 65.000000
14.100000 59.000000
14.120000 72.000000
14.140000 66.000000
14.160000 78.000000
14.180000 74.000000
14.200000 73.000000
14.220000 81.000000
14.240000 66.000000
14.260000 75.000000
14.280000 81.000000
14.300000 95.000000
14.320000 94.000000
14.340000 76.000000
14.360000 72.000000
14.380000 82.000000
14.400000 79.000000
14.420000 71.000000
14.440000 78.000000
14.460000 65.000000
14.480000 74.000000
14.500000 81.000000
14.520000 68.000000
14.540000 81.000000
14.560000 73.000000
14.580000 77.000000
14.600000 78.000000
14.620000 60.000000
14.640000 70.000000
14.660000 66.000000
14.680000 85.000000
14.700000 67.000000
14.720000 69.000000
14.740000 79.000000
14.760000 59.000000
14.780000 79.000000
14.800000 76.000000
14.820000 67.000000
14.840000 61.000000
14.860000 73.000000
14.880000 78.000000
14.900000 88.000000
14.920000 91.000000
14.940000 78.000000
14.960000 85.000000
14.980000 80.000000
15.000000 82.000000
15.020000 86.000000
15.040000 80.000000
15.060000 72.000000
15.080000 62.000000
15.100000 70.000000
15.120000 73.000000
15.140000 84.000000
15.160000 80.000000
15.180000 71.000000
15.200000 83.000000
15.220000 72.000000
15.240000 72.000000
15.260000 83.000000
15.280000 74.000000
15.300000 78.000000
15.320000 71.000000
15.340000 86.000000
15.360000 85.000000
15.380000 88.000000
15.400000 76.000000
15.420000 68.000000
15.440000 80.000000
15.460000 88.000000
15.480000 88.000000
15.500000 72.000000
15.520000 76.000000
15.540000 70.000000
15.560000 74.000000
15.580000 70.000000
15.600000 73.000000
15.620000 66.000000
15.640000 86.000000
15.660000 75.000000
15.680000 79.000000
15.700000 96.000000
15.720000 69.000000
15.740000 84.000000
15.760000 78.000000
15.780000 69.000000
15.800000 78.000000
15.820000 76.000000
15.840000 91.000000
15.860000 83.000000
15.880000 77.000000
15.900000 85.000000
15.920000 77.000000
15.940000 82.000000
15.960000 98.000000
15.980000 85.000000
16.000000 77.000000
16.020000 89.000000
16.040000 73.000000
16.060000 81.000000
16.080000 80.000000
16.100000 81.000000
16.120000 74.000000
16.140000 85.000000
16.160000 84.000000
16.180000 79.000000
16.200000 72.000000
16.220000 78.000000
16.240000 82.000000
16.260000 73.000000
16.280000 68.000000
16.300000 93.000000
16.320000 74.000000
16.340000 78.000000
16.360000 89.000000
16.380000 80.000000
16.400000 85.000000
16.420000 76.000000
16.440000 99.000000
16.460000 82.000000
16.480000 81.000000
16.500000 86.000000
16.520000 88.000000
16.540000 94.000000
16.560000 84.000000
16.580000 83.000000
16.600000 82.000000
16.620000 93.000000
16.640000 95.000000
16.660000 76.000000
16.680000 97.000000
16.700000 73.000000
16.720000 87.000000
16.740000 93.000000
16.760000 76.000000
16.780000 77.000000
16.800000 84.000000
16.820000 81.000000
16.840000 87.000000
16.860000 72.000000
16.880000 82.000000
16.900000 89.000000
16.920000 102.000000
16.940000 77.000000
16.960000 79.000000
16.980000 82.000000
17.000000 91.000000
17.020000 71.000000
17.040000 90.000000
17.060000 71.000000
17.080000 91.000000
17.100000 91.000000
17.120000 84.000000
17.140000 86.000000
17.160000 77.000000
17.180000 102.000000
17.200000 89.000000
17.220000 101.000000
17.240000 93.000000
17.260000 98.000000
17.280000 90.000000
17.300000 103.000000
17.320000 93.000000
17.340000 91.000000
17.360000 70.000000
17.380000 89.000000
17.400000 81.000000
17.420000 92.000000
17.440000 92.000000
17.460000 96.000000
17.480000 81.000000
17.500000 84.000000
17.520000 85.000000
17.540000 97.000000
17.560000 92.000000
17.580000 85.000000
17.600000 91.000000
17.620000 85.000000
17.640000 88.000000
17.660000 117.000000
17.680000 89.000000
17.700000 89.000000
17.720000 99.000000
17.740000 94.000000
17.760000 100.000000
17.780000 105.000000
17.800000 89.000000
17.820000 113.000000
17.840000 114.000000
17.860000 86.000000
17.880000 108.000000
17.900000 93.000000
17.920000 103.000000
17.940000 93.000000
17.960000 86.000000
17.980000 87.000000
18.000000 108.000000
18.020000 104.000000
18.040000 93.000000
18.060000 79.000000
18.080000 93.000000
18.100000 116.000000
18.120000 97.000000
18.140000 96.000000
18.160000 118.000000
18.180000 94.000000
18.200000 103.000000
18.220000 85.000000
18.240000 98.000000
18.260000 91.000000
18.280000 83.000000
18.300000 111.000000
18.320000 111.000000
18.340000 90.000000
18.360000 90.000000
18.380000 88.000000
18.400000 110.000000
18.420000 106.000000
18.440000 103.000000
18.460000 85.000000
18.480000 107.000000
18.500000 90.000000
18.520000 101.000000
18.540000 88.000000
18.560000 108.000000
18.580000 107.000000
18.600000 94.000000
18.620000 96.000000
18.640000 118.000000
18.660000 101.000000
18.680000 120.000000
18.700000 114.000000
18.720000 112.000000
18.740000 101.000000
18.760000 97.000000
18.780000 113.000000
18.800000 106.000000
18.820000 107.000000
18.840000 99.000000
18.860000 101.000000
18.880000 128.000000
18.900000 101.000000
18.920000 108.000000
18.940000 124.000000
18.960000 102.000000
18.980000 111.000000
19.000000 106.000000
19.020000 112.000000
19.040000 125.000000
19.060000 100.000000
19.080000 93.000000
19.100000 111.000000
19.120000 111.000000
19.140000 129.000000
19.160000 107.000000
19.180000 102.000000
19.200000 110.000000
19.220000 135.000000
19.240000 117.000000
19.260000 110.000000
19.280000 99.000000
19.300000 105.000000
19.320000 112.000000
19.340000 106.000000
19.360000 120.000000
19.380000 105.000000
19.400000 110.000000
19.420000 93.000000
19.440000 119.000000
19.460000 113.000000
19.480000 114.000000
19.500000 117.000000
19.520000 123.000000
19.540000 129.000000
19.560000 115.000000
19.580000 119.000000
19.600000 115.000000
19.620000 123.000000
19.640000 109.000000
19.660000 122.000000
19.680000 114.000000
19.700000 114.000000
19.720000 117.000000
19.740000 125.000000
19.760000 122.000000
19.780000 121.000000
19.800000 133.000000
19.820000 126.000000
19.840000 114.000000
19.860000 108.000000
19.880000 129.000000
19.900000 133.000000
19.920000 100.000000
19.940000 121.000000
19.960000 127.000000
19.980000 120.000000
20.000000 119.000000
20.020000 119.000000
20.040000 136.000000
20.060000 130.000000
20.080000 126.000000
20.100000 118.000000
20.120000 144.000000
20.140000 104.000000
20.160000 110.000000
20.180000 115.000000
20.200000 141.000000
20.220000 123.000000
20.240000 119.000000
20.260000 138.000000
20.280000 132.000000
20.300000 136.000000
20.320000 129.000000
20.340000 115.000000
20.360000 136.000000
20.380000 123.000000
20.400000 127.000000
20.420000 115.000000
20.440000 142.000000
20.460000 166.000000
20.480000 160.000000
20.500000 158.000000
20.520000 177.000000
20.540000 189.000000
20.560000 170.000000
20.580000 174.000000
20.600000 183.000000
20.620000 192.000000
20.640000 220.000000
20.660000 222.000000
20.680000 208.000000
20.700000 232.000000
20.720000 260.000000
20.740000 341.000000
20.760000 410.000000
20.780000 693.000000
20.800000 1312.000000
20.820000 2374.000000
20.840000 4559.000000
20.860000 6072.000000
20.880000 4282.000000
20.900000 3318.000000
20.920000 2885.000000
20.940000 1163.000000
20.960000 441.000000
20.980000 330.000000
21.000000 289.000000
21.020000 273.000000
21.040000 260.000000
21.060000 220.000000
21.080000 217.000000
21.100000 230.000000
21.120000 211.000000
21.140000 181.000000
21.160000 180.000000
21.180000 186.000000
21.200000 162.000000
21.220000 158.000000
21.240000 152.000000
21.260000 137.000000
21.280000 140.000000
21.300000 137.000000
21.320000 138.000000
21.340000 122.000000
21.360000 144.000000
21.380000 119.000000
21.400000 143.000000
21.420000 138.000000
21.440000 122.000000
21.460000 139.000000
21.480000 124.000000
21.500000 133.000000
21.520000 135.000000
21.540000 142.000000
21.560000 150.000000
21.580000 104.000000
21.600000 126.000000
21.620000 141.000000
21.640000 110.000000
21.660000 139.000000
21.680000 112.000000
21.700000 130.000000
21.720000 118.000000
21.740000 160.000000
21.760000 115.000000
21.780000 125.000000
21.800000 123.000000
21.820000 140.000000
21.840000 112.000000
21.860000 113.000000
21.880000 131.000000
21.900000 120.000000
21.920000 128.000000
21.940000 120.000000
21.960000 134.000000
21.980000 120.000000
22.000000 146.000000
22.020000 130.000000
22.040000 117.000000
22.060000 122.000000
22.080000 115.000000
22.100000 131.000000
22.120000 123.000000
22.140000 110.000000
22.160000 114.000000
22.180000 126.000000
22.200000 143.000000
22.220000 137.000000
22.240000 136.000000
22.260000 145.000000
22.280000 123.000000
22.300000 123.000000
22.320000 109.000000
22.340000 132.000000
22.360000 142.000000
22.380000 125.000000
22.400000 122.000000
22.420000 111.000000
22.440000 135.000000
22.460000 141.000000
22.480000 120.000000
22.500000 123.000000
22.520000 146.000000
22.540000 131.000000
22.560000 121.000000
22.580000 118.000000
22.600000 132.000000
22.620000 128.000000
22.640000 137.000000
22.660000 126.000000
22.680000 115.000000
22.700000 138.000000
22.720000 149.000000
22.740000 110.000000
22.760000 91.000000
22.780000 140.000000
22.800000 132.000000
22.820000 118.000000
22.840000 124.000000
22.860000 131.000000
22.880000 129.000000
22.900000 121.000000
22.920000 130.000000
22.940000 134.000000
22.960000 121.000000
22.980000 110.000000
23.000000 120.000000
23.020000 110.000000
23.040000 132.000000
23.060000 121.000000
23.080000 121.000000
23.100000 142.000000
23.120000 122.000000
23.140000 124.000000
23.160000 115.000000
23.180000 112.000000
23.200000 119.000000
23.220000 132.000000
23.240000 105.000000
23.260000 110.000000
23.280000 117.000000
23.300000 141.000000
23.320000 119.000000
23.340000 101.000000
23.360000 106.000000
23.380000 135.000000
23.400000 130.000000
23.420000 117.000000
23.440000 136.000000
23.460000 131.000000
23.480000 125.000000
23.500000 130.000000
23.520000 117.000000
23.540000 135.000000
23.560000 127.000000
23.580000 136.000000
23.600000 112.000000
23.620000 101.000000
23.640000 119.000000
23.660000 134.000000
23.680000 132.000000
23.700000 117.000000
23.720000 116.000000
23.740000 104.000000
23.760000 112.000000
23.780000 106.000000
23.800000 104.000000
23.820000 129.000000
23.840000 128.000000
23.860000 103.000000
23.880000 103.000000
23.900000 125.000000
23.920000 94.000000
23.940000 117.000000
23.960000 113.000000
23.980000 110.000000
24.000000 105.000000
24.020000 114.000000
24.040000 114.000000
24.060000 128.000000
24.080000 106.000000
24.100000 98.000000
24.120000 100.000000
24.140000 94.000000
24.160000 114.000000
24.180000 106.000000
24.200000 115.000000
24.220000 105.000000
24.240000 100.000000
24.260000 127.000000
24.280000 115.000000
24.300000 124.000000
24.320000 95.000000
24.340000 119.000000
24.360000 119.000000
24.380000 113.000000
24.400000 96.000000
24.420000 91.000000
24.440000 103.000000
24.460000 112.000000
24.480000 98.000000
24.500000 108.000000
24.520000 103.000000
24.540000 111.000000
24.560000 112.000000
24.580000 117.000000
24.600000 141.000000
24.620000 94.000000
24.640000 105.000000
24.660000 113.000000
24.680000 103.000000
24.700000 99.000000
24.720000 112.000000
24.740000 104.000000
24.760000 107.000000
24.780000 125.000000
24.800000 114.000000
24.820000 109.000000
24.840000 112.000000
24.860000 108.000000
24.880000 112.000000
24.900000 119.000000
24.920000 104.000000
24.940000 110.000000
24.960000 103.000000
24.980000 109.000000
25.000000 117.000000
25.020000 113.000000
25.040000 98.000000
25.060000 120.000000
25.080000 110.000000
25.100000 110.000000
25.120000 91.000000
25.140000 107.000000
25.160000 113.000000
25.180000 101.000000
25.200000 108.000000
25.220000 103.000000
25.240000 89.000000
25.260000 107.000000
25.280000 91.000000
25.300000 99.000000
25.320000 109.000000
25.340000 98.000000
25.360000 124.000000
25.380000 106.000000
25.400000 118.000000
25.420000 90.000000
25.440000 93.000000
25.460000 101.000000
25.480000 107.000000
25.500000 113.000000
25.520000 87.000000
25.540000 94.000000
25.560000 134.000000
25.580000 98.000000
25.600000 112.000000
25.620000 107.000000
25.640000 123.000000
25.660000 111.000000
25.680000 116.000000
25.700000 120.000000
25.720000 100.000000
25.740000 96.000000
25.760000 106.000000
25.780000 114.000000
25.800000 103.000000
25.820000 96.000000
25.840000 105.000000
25.860000 112.000000
25.880000 96.000000
25.900000 97.000000
25.920000 110.000000
25.940000 86.000000
25.960000 110.000000
25.980000 121.000000
26.000000 97.000000
26.020000 110.000000
26.040000 113.000000
26.060000 104.000000
26.080000 109.000000
26.100000 108.000000
26.120000 114.000000
26.140000 113.000000
26.160000 134.000000
26.180000 116.000000
26.200000 152.000000
26.220000 190.000000
26.240000 206.000000
26.260000 251.000000
26.280000 317.000000
26.300000 423.000000
26.320000 447.000000
26.340000 507.000000
26.360000 508.000000
26.380000 556.000000
26.400000 519.000000
26.420000 531.000000
26.440000 538.000000
26.460000 613.000000
26.480000 720.000000
26.500000 870.000000
26.520000 1144.000000
26.540000 1695.000000
26.560000 2909.000000
26.580000 5562.000000
26.600000 10560.000000
26.620000 18297.000000
26.640000 21137.000000
26.660000 14638.000000
26.680000 10925.000000
26.700000 11638.000000
26.720000 8086.000000
26.740000 3354.000000
26.760000 1469.000000
26.780000 929.000000
26.800000 761.000000
26.820000 656.000000
26.840000 580.000000
26.860000 595.000000
26.880000 530.000000
26.900000 454.000000
26.920000 466.000000
26.940000 378.000000
26.960000 351.000000
26.980000 283.000000
27.000000 224.000000
27.020000 226.000000
27.040000 217.000000
27.060000 201.000000
27.080000 226.000000
27.100000 194.000000
27.120000 185.000000
27.140000 164.000000
27.160000 160.000000
27.180000 133.000000
27.200000 126.000000
27.220000 109.000000
27.240000 138.000000
27.260000 132.000000
27.280000 102.000000
27.300000 108.000000
27.320000 105.000000
27.340000 108.000000
27.360000 99.000000
27.380000 114.000000
27.400000 129.000000
27.420000 114.000000
27.440000 133.000000
27.460000 126.000000
27.480000 164.000000
27.500000 165.000000
27.520000 153.000000
27.540000 187.000000
27.560000 165.000000
27.580000 153.000000
27.600000 137.000000
27.620000 115.000000
27.640000 122.000000
27.660000 111.000000
27.680000 108.000000
27.700000 93.000000
27.720000 87.000000
27.740000 82.000000
27.760000 79.000000
27.780000 85.000000
27.800000 86.000000
27.820000 83.000000
27.840000 86.000000
27.860000 86.000000
27.880000 85.000000
27.900000 82.000000
27.920000 80.000000
27.940000 93.000000
27.960000 90.000000
27.980000 76.000000
28.000000 78.000000
28.020000 101.000000
28.040000 92.000000
28.060000 69.000000
28.080000 74.000000
28.100000 83.000000
28.120000 89.000000
28.140000 80.000000
28.160000 86.000000
28.180000 82.000000
28.200000 94.000000
28.220000 70.000000
28.240000 79.000000
28.260000 70.000000
28.280000 87.000000
28.300000 93.000000
28.320000 69.000000
28.340000 89.000000
28.360000 80.000000
28.380000 75.000000
28.400000 90.000000
28.420000 82.000000
28.440000 69.000000
28.460000 79.000000
28.480000 88.000000
28.500000 89.000000
28.520000 71.000000
28.540000 82.000000
28.560000 91.000000
28.580000 69.000000
28.600000 81.000000
28.620000 71.000000
28.640000 79.000000
28.660000 74.000000
28.680000 75.000000
28.700000 89.000000
28.720000 90.000000
28.740000 86.000000
28.760000 83.000000
28.780000 71.000000
28.800000 73.000000
28.820000 80.000000
28.840000 84.000000
28.860000 73.000000
28.880000 57.000000
28.900000 100.000000
28.920000 83.000000
28.940000 89.000000
28.960000 85.000000
28.980000 63.000000
29.000000 77.000000
29.020000 72.000000
29.040000 90.000000
29.060000 86.000000
29.080000 73.000000
29.100000 79.000000
29.120000 84.000000
29.140000 77.000000
29.160000 70.000000
29.180000 71.000000
29.200000 79.000000
29.220000 69.000000
29.240000 67.000000
29.260000 80.000000
29.280000 83.000000
29.300000 98.000000
29.320000 76.000000
29.340000 74.000000
29.360000 80.000000
29.380000 100.000000
29.400000 72.000000
29.420000 68.000000
29.440000 87.000000
29.460000 81.000000
29.480000 81.000000
29.500000 76.000000
29.520000 77.000000
29.540000 89.000000
29.560000 75.000000
29.580000 97.000000
29.600000 82.000000
29.620000 89.000000
29.640000 83.000000
29.660000 78.000000
29.680000 78.000000
29.700000 70.000000
29.720000 100.000000
29.740000 88.000000
29.760000 72.000000
29.780000 103.000000
29.800000 104.000000
29.820000 108.000000
29.840000 90.000000
29.860000 107.000000
29.880000 115.000000
29.900000 126.000000
29.920000 124.000000
29.940000 109.000000
29.960000 101.000000
29.980000 107.000000
30.000000 88.000000
30.020000 97.000000
30.040000 85.000000
30.060000 91.000000
30.080000 103.000000
30.100000 85.000000
30.120000 92.000000
30.140000 83.000000
30.160000 71.000000
30.180000 97.000000
30.200000 77.000000
30.220000 80.000000
30.240000 68.000000
30.260000 80.000000
30.280000 71.000000
30.300000 75.000000
30.320000 87.000000
30.340000 66.000000
30.360000 76.000000
30.380000 65.000000
30.400000 85.000000
30.420000 54.000000
30.440000 68.000000
30.460000 69.000000
30.480000 67.000000
30.500000 63.000000
30.520000 93.000000
30.540000 57.000000
30.560000 70.000000
30.580000 64.000000
30.600000 70.000000
30.620000 72.000000
30.640000 67.000000
30.660000 72.000000
30.680000 70.000000
30.700000 76.000000
30.720000 87.000000
30.740000 82.000000
30.760000 81.000000
30.780000 83.000000
30.800000 103.000000
30.820000 89.000000
30.840000 88.000000
30.860000 63.000000
30.880000 90.000000
30.900000 70.000000
30.920000 94.000000
30.940000 67.000000
30.960000 70.000000
30.980000 67.000000
31.000000 78.000000
31.020000 73.000000
31.040000 72.000000
31.060000 68.000000
31.080000 63.000000
31.100000 76.000000
31.120000 79.000000
31.140000 81.000000
31.160000 76.000000
31.180000 78.000000
31.200000 63.000000
31.220000 77.000000
31.240000 70.000000
31.260000 75.000000
31.280000 84.000000
31.300000 72.000000
31.320000 70.000000
31.340000 75.000000
31.360000 66.000000
31.380000 70.000000
31.400000 74.000000
31.420000 69.000000
31.440000 61.000000
31.460000 62.000000
31.480000 73.000000
31.500000 66.000000
31.520000 57.000000
31.540000 87.000000
31.560000 79.000000
31.580000 72.000000
31.600000 87.000000
31.620000 69.000000
31.640000 66.000000
31.660000 68.000000
31.680000 86.000000
31.700000 60.000000
31.720000 56.000000
31.740000 88.000000
31.760000 78.000000
31.780000 74.000000
31.800000 68.000000
31.820000 78.000000
31.840000 72.000000
31.860000 68.000000
31.880000 79.000000
31.900000 71.000000
31.920000 64.000000
31.940000 65.000000
31.960000 63.000000
31.980000 80.000000
32.000000 81.000000
32.020000 65.000000
32.040000 65.000000
32.060000 68.000000
32.080000 72.000000
32.100000 85.000000
32.120000 73.000000
32.140000 62.000000
32.160000 74.000000
32.180000 69.000000
32.200000 77.000000
32.220000 83.000000
32.240000 70.000000
32.260000 91.000000
32.280000 62.000000
32.300000 78.000000
32.320000 80.000000
32.340000 73.000000
32.360000 56.000000
32.380000 65.000000
32.400000 64.000000
32.420000 64.000000
32.440000 68.000000
32.460000 75.000000
32.480000 70.000000
32.500000 72.000000
32.520000 66.000000
32.540000 77.000000
32.560000 66.000000
32.580000 68.000000
32.600000 65.000000
32.620000 70.000000
32.640000 74.000000
32.660000 60.000000
32.680000 76.000000
32.700000 76.000000
32.720000 57.000000
32.740000 62.000000
32.760000 59.000000
32.780000 59.000000
32.800000 59.000000
32.820000 66.000000
32.840000 55.000000
32.860000 81.000000
32.880000 65.000000
32.900000 68.000000
32.920000 70.000000
32.940000 65.000000
32.960000 52.000000
32.980000 63.000000
33.000000 63.000000
33.020000 70.000000
33.040000 63.000000
33.060000 75.000000
33.080000 65.000000
33.100000 64.000000
33.120000 68.000000
33.140000 69.000000
33.160000 75.000000
33.180000 71.000000
33.200000 58.000000
33.220000 69.000000
33.240000 54.000000
33.260000 72.000000
33.280000 66.000000
33.300000 73.000000
33.320000 76.000000
33.340000 60.000000
33.360000 65.000000
33.380000 67.000000
33.400000 68.000000
33.420000 69.000000
33.440000 70.000000
33.460000 61.000000
33.480000 66.000000
33.500000 77.000000
33.520000 59.000000
33.540000 66.000000
33.560000 68.000000
33.580000 53.000000
33.600000 58.000000
33.620000 77.000000
33.640000 64.000000
33.660000 74.000000
33.680000 54.000000
33.700000 56.000000
33.720000 65.000000
33.740000 71.000000
33.760000 74.000000
33.780000 64.000000
33.800000 66.000000
33.820000 67.000000
33.840000 50.000000
33.860000 63.000000
33.880000 65.000000
33.900000 58.000000
33.920000 60.000000
33.940000 76.000000
33.960000 66.000000
33.980000 80.000000
34.000000 70.000000
34.020000 78.000000
34.040000 62.000000
34.060000 69.000000
34.080000 67.000000
34.100000 65.000000
34.120000 62.000000
34.140000 72.000000
34.160000 53.000000
34.180000 63.000000
34.200000 60.000000
34.220000 52.000000
34.240000 68.000000
34.260000 83.000000
34.280000 68.000000
34.300000 72.000000
34.320000 59.000000
34.340000 63.000000
34.360000 63.000000
34.380000 83.000000
34.400000 76.000000
34.420000 80.000000
34.440000 73.000000
34.460000 83.000000
34.480000 76.000000
34.500000 78.000000
34.520000 66.000000
34.540000 58.000000
34.560000 77.000000
34.580000 75.000000
34.600000 76.000000
34.620000 66.000000
34.640000 66.000000
34.660000 70.000000
34.680000 68.000000
34.700000 85.000000
34.720000 78.000000
34.740000 97.000000
34.760000 66.000000
34.780000 73.000000
34.800000 72.000000
34.820000 88.000000
34.840000 80.000000
34.860000 65.000000
34.880000 79.000000
34.900000 70.000000
34.920000 75.000000
34.940000 70.000000
34.960000 71.000000
34.980000 65.000000
35.000000 66.000000
35.020000 70.000000
35.040000 73.000000
35.060000 80.000000
35.080000 57.000000
35.100000 90.000000
35.120000 84.000000
35.140000 71.000000
35.160000 76.000000
35.180000 83.000000
35.200000 78.000000
35.220000 63.000000
35.240000 62.000000
35.260000 81.000000
35.280000 74.000000
35.300000 69.000000
35.320000 74.000000
35.340000 77.000000
35.360000 67.000000
35.380000 66.000000
35.400000 82.000000
35.420000 74.000000
35.440000 70.000000
35.460000 68.000000
35.480000 72.000000
35.500000 72.000000
35.520000 55.000000
35.540000 56.000000
35.560000 69.000000
35.580000 75.000000
35.600000 68.000000
35.620000 57.000000
35.640000 73.000000
35.660000 72.000000
35.680000 61.000000
35.700000 63.000000
35.720000 69.000000
35.740000 71.000000
35.760000 65.000000
35.780000 62.000000
35.800000 62.000000
35.820000 69.000000
35.840000 69.000000
35.860000 77.000000
35.880000 79.000000
35.900000 69.000000
35.920000 67.000000
35.940000 78.000000
35.960000 72.000000
35.980000 71.000000
36.000000 58.000000
36.020000 75.000000
36.040000 72.000000
36.060000 71.000000
36.080000 66.000000
36.100000 74.000000
36.120000 66.000000
36.140000 71.000000
36.160000 86.000000
36.180000 85.000000
36.200000 93.000000
36.220000 86.000000
36.240000 102.000000
36.260000 102.000000
36.280000 87.000000
36.300000 106.000000
36.320000 104.000000
36.340000 94.000000
36.360000 105.000000
36.380000 123.000000
36.400000 120.000000
36.420000 141.000000
36.440000 202.000000
36.460000 312.000000
36.480000 525.000000
36.500000 838.000000
36.520000 1241.000000
36.540000 1582.000000
36.560000 1313.000000
36.580000 781.000000
36.600000 727.000000
36.620000 771.000000
36.640000 875.000000
36.660000 565.000000
36.680000 270.000000
36.700000 178.000000
36.720000 145.000000
36.740000 128.000000
36.760000 122.000000
36.780000 90.000000
36.800000 97.000000
36.820000 87.000000
36.840000 100.000000
36.860000 96.000000
36.880000 78.000000
36.900000 71.000000
36.920000 76.000000
36.940000 76.000000
36.960000 61.000000
36.980000 82.000000
37.000000 79.000000
37.020000 67.000000
37.040000 77.000000
37.060000 58.000000
37.080000 73.000000
37.100000 51.000000
37.120000 60.000000
37.140000 88.000000
37.160000 68.000000
37.180000 69.000000
37.200000 72.000000
37.220000 75.000000
37.240000 67.000000
37.260000 55.000000
37.280000 58.000000
37.300000 77.000000
37.320000 73.000000
37.340000 62.000000
37.360000 60.000000
37.380000 75.000000
37.400000 56.000000
37.420000 74.000000
37.440000 70.000000
37.460000 54.000000
37.480000 58.000000
37.500000 66.000000
37.520000 75.000000
37.540000 65.000000
37.560000 47.000000
37.580000 54.000000
37.600000 54.000000
37.620000 78.000000
37.640000 59.000000
37.660000 71.000000
37.680000 67.000000
37.700000 67.000000
37.720000 62.000000
37.740000 70.000000
37.760000 62.000000
37.780000 62.000000
37.800000 58.000000
37.820000 42.000000
37.840000 71.000000
37.860000 62.000000
37.880000 70.000000
37.900000 49.000000
37.920000 56.000000
37.940000 68.000000
37.960000 55.000000
37.980000 82.000000
38.000000 52.000000
38.020000 60.000000
38.040000 58.000000
38.060000 63.000000
38.080000 60.000000
38.100000 69.000000
38.120000 73.000000
38.140000 56.000000
38.160000 52.000000
38.180000 71.000000
38.200000 74.000000
38.220000 49.000000
38.240000 62.000000
38.260000 70.000000
38.280000 64.000000
38.300000 67.000000
38.320000 69.000000
38.340000 67.000000
38.360000 50.000000
38.380000 53.000000
38.400000 62.000000
38.420000 62.000000
38.440000 60.000000
38.460000 54.000000
38.480000 50.000000
38.500000 68.000000
38.520000 59.000000
38.540000 57.000000
38.560000 62.000000
38.580000 72.000000
38.600000 67.000000
38.620000 71.000000
38.640000 72.000000
38.660000 70.000000
38.680000 80.000000
38.700000 60.000000
38.720000 68.000000
38.740000 63.000000
38.760000 59.000000
38.780000 62.000000
38.800000 59.000000
38.820000 66.000000
38.840000 57.000000
38.860000 67.000000
38.880000 66.000000
38.900000 69.000000
38.920000 58.000000
38.940000 63.000000
38.960000 59.000000
38.980000 73.000000
39.000000 70.000000
39.020000 64.000000
39.040000 68.000000
39.060000 56.000000
39.080000 53.000000
39.100000 80.000000
39.120000 93.000000
39.140000 92.000000
39.160000 90.000000
39.180000 108.000000
39.200000 81.000000
39.220000 91.000000
39.240000 96.000000
39.260000 110.000000
39.280000 108.000000
39.300000 107.000000
39.320000 140.000000
39.340000 100.000000
39.360000 150.000000
39.380000 267.000000
39.400000 386.000000
39.420000 608.000000
39.440000 940.000000
39.460000 1196.000000
39.480000 973.000000
39.500000 598.000000
39.520000 442.000000
39.540000 534.000000
39.560000 656.000000
39.580000 560.000000
39.600000 316.000000
39.620000 166.000000
39.640000 121.000000
39.660000 122.000000
39.680000 94.000000
39.700000 107.000000
39.720000 84.000000
39.740000 89.000000
39.760000 72.000000
39.780000 71.000000
39.800000 84.000000
39.820000 75.000000
39.840000 71.000000
39.860000 76.000000
39.880000 67.000000
39.900000 76.000000
39.920000 83.000000
39.940000 71.000000
39.960000 78.000000
39.980000 68.000000
40.000000 76.000000
40.020000 69.000000
40.040000 79.000000
40.060000 92.000000
40.080000 78.000000
40.100000 73.000000
40.120000 71.000000
40.140000 105.000000
40.160000 120.000000
40.180000 120.000000
40.200000 174.000000
40.220000 243.000000
40.240000 375.000000
40.260000 592.000000
40.280000 784.000000
40.300000 679.000000
40.320000 401.000000
40.340000 327.000000
40.360000 360.000000
40.380000 463.000000
40.400000 402.000000
40.420000 262.000000
40.440000 154.000000
40.460000 133.000000
40.480000 109.000000
40.500000 74.000000
40.520000 95.000000
40.540000 74.000000
40.560000 60.000000
40.580000 85.000000
40.600000 82.000000
40.620000 87.000000
40.640000 78.000000
40.660000 70.000000
40.680000 54.000000
40.700000 59.000000
40.720000 77.000000
40.740000 66.000000
40.760000 78.000000
40.780000 71.000000
40.800000 80.000000
40.820000 80.000000
40.840000 81.000000
40.860000 51.000000
40.880000 77.000000
40.900000 54.000000
40.920000 64.000000
40.940000 69.000000
40.960000 45.000000
40.980000 55.000000
41.000000 71.000000
41.020000 70.000000
41.040000 78.000000
41.060000 53.000000
41.080000 53.000000
41.100000 64.000000
41.120000 46.000000
41.140000 72.000000
41.160000 66.000000
41.180000 55.000000
41.200000 61.000000
41.220000 61.000000
41.240000 55.000000
41.260000 63.000000
41.280000 80.000000
41.300000 66.000000
41.320000 58.000000
41.340000 55.000000
41.360000 54.000000
41.380000 50.000000
41.400000 53.000000
41.420000 73.000000
41.440000 76.000000
41.460000 52.000000
41.480000 66.000000
41.500000 74.000000
41.520000 64.000000
41.540000 56.000000
41.560000 66.000000
41.580000 62.000000
41.600000 68.000000
41.620000 49.000000
41.640000 66.000000
41.660000 65.000000
41.680000 68.000000
41.700000 74.000000
41.720000 64.000000
41.740000 92.000000
41.760000 81.000000
41.780000 77.000000
41.800000 73.000000
41.820000 59.000000
41.840000 75.000000
41.860000 81.000000
41.880000 81.000000
41.900000 54.000000
41.920000 71.000000
41.940000 48.000000
41.960000 56.000000
41.980000 57.000000
42.000000 76.000000
42.020000 73.000000
42.040000 68.000000
42.060000 73.000000
42.080000 82.000000
42.100000 74.000000
42.120000 80.000000
42.140000 80.000000
42.160000 72.000000
42.180000 77.000000
42.200000 84.000000
42.220000 84.000000
42.240000 87.000000
42.260000 96.000000
42.280000 115.000000
42.300000 105.000000
42.320000 124.000000
42.340000 158.000000
42.360000 226.000000
42.380000 301.000000
42.400000 499.000000
42.420000 652.000000
42.440000 785.000000
42.460000 692.000000
42.480000 463.000000
42.500000 320.000000
42.520000 365.000000
42.540000 455.000000
42.560000 483.000000
42.580000 328.000000
42.600000 201.000000
42.620000 136.000000
42.640000 115.000000
42.660000 95.000000
42.680000 81.000000
42.700000 87.000000
42.720000 112.000000
42.740000 77.000000
42.760000 78.000000
42.780000 74.000000
42.800000 74.000000
42.820000 82.000000
42.840000 80.000000
42.860000 74.000000
42.880000 64.000000
42.900000 84.000000
42.920000 76.000000
42.940000 69.000000
42.960000 67.000000
42.980000 74.000000
43.000000 61.000000
43.020000 70.000000
43.040000 55.000000
43.060000 70.000000
43.080000 80.000000
43.100000 64.000000
43.120000 66.000000
43.140000 61.000000
43.160000 49.000000
43.180000 61.000000
43.200000 79.000000
43.220000 56.000000
43.240000 67.000000
43.260000 73.000000
43.280000 63.000000
43.300000 63.000000
43.320000 70.000000
43.340000 63.000000
43.360000 64.000000
43.380000 75.000000
43.400000 56.000000
43.420000 64.000000
43.440000 74.000000
43.460000 64.000000
43.480000 69.000000
43.500000 56.000000
43.520000 54.000000
43.540000 60.000000
43.560000 64.000000
43.580000 62.000000
43.600000 62.000000
43.620000 69.000000
43.640000 62.000000
43.660000 76.000000
43.680000 62.000000
43.700000 61.000000
43.720000 64.000000
43.740000 67.000000
43.760000 49.000000
43.780000 63.000000
43.800000 79.000000
43.820000 54.000000
43.840000 66.000000
43.860000 65.000000
43.880000 68.000000
43.900000 66.000000
43.920000 68.000000
43.940000 50.000000
43.960000 81.000000
43.980000 74.000000
44.000000 84.000000
44.020000 56.000000
44.040000 54.000000
44.060000 52.000000
44.080000 50.000000
44.100000 75.000000
44.120000 70.000000
44.140000 70.000000
44.160000 59.000000
44.180000 69.000000
44.200000 68.000000
44.220000 61.000000
44.240000 64.000000
44.260000 67.000000
44.280000 80.000000
44.300000 65.000000
44.320000 67.000000
44.340000 69.000000
44.360000 66.000000
44.380000 61.000000
44.400000 72.000000
44.420000 65.000000
44.440000 78.000000
44.460000 71.000000
44.480000 72.000000
44.500000 64.000000
44.520000 68.000000
44.540000 73.000000
44.560000 71.000000
44.580000 67.000000
44.600000 72.000000
44.620000 79.000000
44.640000 72.000000
44.660000 69.000000
44.680000 63.000000
44.700000 57.000000
44.720000 74.000000
44.740000 58.000000
44.760000 76.000000
44.780000 52.000000
44.800000 74.000000
44.820000 68.000000
44.840000 64.000000
44.860000 72.000000
44.880000 81.000000
44.900000 66.000000
44.920000 73.000000
44.940000 61.000000
44.960000 64.000000
44.980000 71.000000
45.000000 56.000000
45.020000 73.000000
45.040000 56.000000
45.060000 52.000000
45.080000 79.000000
45.100000 68.000000
45.120000 61.000000
45.140000 69.000000
45.160000 66.000000
45.180000 65.000000
45.200000 58.000000
45.220000 81.000000
45.240000 81.000000
45.260000 60.000000
45.280000 70.000000
45.300000 77.000000
45.320000 74.000000
45.340000 53.000000
45.360000 54.000000
45.380000 78.000000
45.400000 75.000000
45.420000 79.000000
45.440000 70.000000
45.460000 91.000000
45.480000 79.000000
45.500000 79.000000
45.520000 83.000000
45.540000 90.000000
45.560000 91.000000
45.580000 102.000000
45.600000 90.000000
45.620000 91.000000
45.640000 107.000000
45.660000 121.000000
45.680000 173.000000
45.700000 211.000000
45.720000 325.000000
45.740000 420.000000
45.760000 570.000000
45.780000 711.000000
45.800000 713.000000
45.820000 473.000000
45.840000 323.000000
45.860000 310.000000
45.880000 368.000000
45.900000 401.000000
45.920000 399.000000
45.940000 263.000000
45.960000 171.000000
45.980000 123.000000
46.000000 107.000000
46.020000 82.000000
46.040000 101.000000
46.060000 99.000000
46.080000 79.000000
46.100000 80.000000
46.120000 72.000000
46.140000 71.000000
46.160000 61.000000
46.180000 72.000000
46.200000 71.000000
46.220000 81.000000
46.240000 64.000000
46.260000 66.000000
46.280000 60.000000
46.300000 69.000000
46.320000 74.000000
46.340000 67.000000
46.360000 73.000000
46.380000 66.000000
46.400000 56.000000
46.420000 69.000000
46.440000 81.000000
46.460000 61.000000
46.480000 69.000000
46.500000 63.000000
46.520000 68.000000
46.540000 54.000000
46.560000 88.000000
46.580000 72.000000
46.600000 60.000000
46.620000 69.000000
46.640000 62.000000
46.660000 57.000000
46.680000 60.000000
46.700000 58.000000
46.720000 69.000000
46.740000 68.000000
46.760000 74.000000
46.780000 65.000000
46.800000 66.000000
46.820000 62.000000
46.840000 61.000000
46.860000 70.000000
46.880000 67.000000
46.900000 57.000000
46.920000 76.000000
46.940000 60.000000
46.960000 53.000000
46.980000 63.000000
47.000000 73.000000
47.020000 66.000000
47.040000 67.000000
47.060000 75.000000
47.080000 69.000000
47.100000 51.000000
47.120000 68.000000
47.140000 73.000000
47.160000 64.000000
47.180000 82.000000
47.200000 58.000000
47.220000 70.000000
47.240000 65.000000
47.260000 65.000000
47.280000 58.000000
47.300000 66.000000
47.320000 67.000000
47.340000 67.000000
47.360000 63.000000
47.380000 70.000000
47.400000 53.000000
47.420000 73.000000
47.440000 68.000000
47.460000 56.000000
47.480000 47.000000
47.500000 70.000000
47.520000 66.000000
47.540000 61.000000
47.560000 55.000000
47.580000 60.000000
47.600000 58.000000
47.620000 49.000000
47.640000 63.000000
47.660000 56.000000
47.680000 72.000000
47.700000 70.000000
47.720000 70.000000
47.740000 59.000000
47.760000 52.000000
47.780000 55.000000
47.800000 60.000000
47.820000 52.000000
47.840000 55.000000
47.860000 69.000000
47.880000 65.000000
47.900000 57.000000
47.920000 49.000000
47.940000 61.000000
47.960000 61.000000
47.980000 59.000000
48.000000 60.000000
48.020000 59.000000
48.040000 65.000000
48.060000 51.000000
48.080000 63.000000
48.100000 60.000000
48.120000 71.000000
48.140000 54.000000
48.160000 50.000000
48.180000 47.000000
48.200000 60.000000
48.220000 70.000000
48.240000 57.000000
48.260000 65.000000
48.280000 60.000000
48.300000 61.000000
48.320000 68.000000
48.340000 55.000000
48.360000 62.000000
48.380000 60.000000
48.400000 53.000000
48.420000 65.000000
48.440000 68.000000
48.460000 56.000000
48.480000 79.000000
48.500000 53.000000
48.520000 65.000000
48.540000 57.000000
48.560000 70.000000
48.580000 64.000000
48.600000 73.000000
48.620000 59.000000
48.640000 72.000000
48.660000 79.000000
48.680000 52.000000
48.700000 68.000000
48.720000 65.000000
48.740000 59.000000
48.760000 53.000000
48.780000 71.000000
48.800000 51.000000
48.820000 54.000000
48.840000 56.000000
48.860000 74.000000
48.880000 59.000000
48.900000 48.000000
48.920000 53.000000
48.940000 59.000000
48.960000 63.000000
48.980000 62.000000
49.000000 73.000000
49.020000 62.000000
49.040000 67.000000
49.060000 66.000000
49.080000 68.000000
49.100000 55.000000
49.120000 59.000000
49.140000 56.000000
49.160000 68.000000
49.180000 50.000000
49.200000 48.000000
49.220000 60.000000
49.240000 62.000000
49.260000 63.000000
49.280000 66.000000
49.300000 52.000000
49.320000 61.000000
49.340000 57.000000
49.360000 68.000000
49.380000 67.000000
49.400000 64.000000
49.420000 74.000000
49.440000 61.000000
49.460000 54.000000
49.480000 54.000000
49.500000 61.000000
49.520000 58.000000
49.540000 58.000000
49.560000 78.000000
49.580000 59.000000
49.600000 62.000000
49.620000 75.000000
49.640000 56.000000
49.660000 65.000000
49.680000 66.000000
49.700000 60.000000
49.720000 74.000000
49.740000 90.000000
49.760000 104.000000
49.780000 100.000000
49.800000 119.000000
49.820000 106.000000
49.840000 98.000000
49.860000 129.000000
49.880000 136.000000
49.900000 124.000000
49.920000 166.000000
49.940000 156.000000
49.960000 188.000000
49.980000 191.000000
50.000000 252.000000
50.020000 281.000000
50.040000 444.000000
50.060000 678.000000
50.080000 1103.000000
50.100000 1863.000000
50.120000 2457.000000
50.140000 2242.000000
50.160000 1632.000000
50.180000 980.000000
50.200000 772.000000
50.220000 909.000000
50.240000 1198.000000
50.260000 1303.000000
50.280000 1096.000000
50.300000 678.000000
50.320000 388.000000
50.340000 254.000000
50.360000 160.000000
50.380000 146.000000
50.400000 123.000000
50.420000 114.000000
50.440000 106.000000
50.460000 117.000000
50.480000 102.000000
50.500000 101.000000
50.520000 88.000000
50.540000 85.000000
50.560000 98.000000
50.580000 108.000000
50.600000 92.000000
50.620000 128.000000
50.640000 121.000000
50.660000 116.000000
50.680000 91.000000
50.700000 94.000000
50.720000 93.000000
50.740000 75.000000
50.760000 111.000000
50.780000 103.000000
50.800000 62.000000
50.820000 81.000000
50.840000 73.000000
50.860000 59.000000
50.880000 76.000000
50.900000 77.000000
50.920000 68.000000
50.940000 69.000000
50.960000 84.000000
50.980000 65.000000
51.000000 71.000000
51.020000 64.000000
51.040000 60.000000
51.060000 59.000000
51.080000 52.000000
51.100000 62.000000
51.120000 53.000000
51.140000 61.000000
51.160000 63.000000
51.180000 50.000000
51.200000 76.000000
51.220000 62.000000
51.240000 63.000000
51.260000 51.000000
51.280000 51.000000
51.300000 46.000000
51.320000 71.000000
51.340000 64.000000
51.360000 60.000000
51.380000 60.000000
51.400000 56.000000
51.420000 59.000000
51.440000 69.000000
51.460000 62.000000
51.480000 72.000000
51.500000 63.000000
51.520000 71.000000
51.540000 63.000000
51.560000 62.000000
51.580000 77.000000
51.600000 58.000000
51.620000 50.000000
51.640000 59.000000
51.660000 60.000000
51.680000 52.000000
51.700000 63.000000
51.720000 57.000000
51.740000 53.000000
51.760000 60.000000
51.780000 54.000000
51.800000 49.000000
51.820000 53.000000
51.840000 62.000000
51.860000 61.000000
51.880000 63.000000
51.900000 44.000000
51.920000 64.000000
51.940000 69.000000
51.960000 43.000000
51.980000 64.000000
52.000000 46.000000
52.020000 58.000000
52.040000 74.000000
52.060000 55.000000
52.080000 58.000000
52.100000 62.000000
52.120000 50.000000
52.140000 56.000000
52.160000 47.000000
52.180000 59.000000
52.200000 52.000000
52.220000 56.000000
52.240000 54.000000
52.260000 61.000000
52.280000 49.000000
52.300000 70.000000
52.320000 55.000000
52.340000 60.000000
52.360000 51.000000
52.380000 58.000000
52.400000 67.000000
52.420000 67.000000
52.440000 58.000000
52.460000 62.000000
52.480000 63.000000
52.500000 60.000000
52.520000 73.000000
52.540000 67.000000
52.560000 66.000000
52.580000 68.000000
52.600000 60.000000
52.620000 51.000000
52.640000 57.000000
52.660000 62.000000
52.680000 62.000000
52.700000 67.000000
52.720000 55.000000
52.740000 50.000000
52.760000 48.000000
52.780000 52.000000
52.800000 68.000000
52.820000 44.000000
52.840000 70.000000
52.860000 53.000000
52.880000 63.000000
52.900000 55.000000
52.920000 48.000000
52.940000 63.000000
52.960000 59.000000
52.980000 44.000000
53.000000 54.000000
53.020000 77.000000
53.040000 58.000000
53.060000 57.000000
53.080000 48.000000
53.100000 65.000000
53.120000 57.000000
53.140000 75.000000
53.160000 33.000000
53.180000 68.000000
53.200000 50.000000
53.220000 51.000000
53.240000 46.000000
53.260000 64.000000
53.280000 56.000000
53.300000 65.000000
53.320000 50.000000
53.340000 55.000000
53.360000 52.000000
53.380000 46.000000
53.400000 58.000000
53.420000 69.000000
53.440000 67.000000
53.460000 66.000000
53.480000 41.000000
53.500000 54.000000
53.520000 60.000000
53.540000 60.000000
53.560000 55.000000
53.580000 55.000000
53.600000 53.000000
53.620000 60.000000
53.640000 42.000000
53.660000 70.000000
53.680000 56.000000
53.700000 49.000000
53.720000 54.000000
53.740000 61.000000
53.760000 60.000000
53.780000 63.000000
53.800000 39.000000
53.820000 60.000000
53.840000 56.000000
53.860000 59.000000
53.880000 58.000000
53.900000 53.000000
53.920000 51.000000
53.940000 49.000000
53.960000 50.000000
53.980000 49.000000
54.000000 58.000000
54.020000 66.000000
54.040000 51.000000
54.060000 56.000000
54.080000 57.000000
54.100000 49.000000
54.120000 58.000000
54.140000 58.000000
54.160000 44.000000
54.180000 52.000000
54.200000 66.000000
54.220000 61.000000
54.240000 57.000000
54.260000 51.000000
54.280000 53.000000
54.300000 54.000000
54.320000 60.000000
54.340000 58.000000
54.360000 46.000000
54.380000 49.000000
54.400000 75.000000
54.420000 66.000000
54.440000 67.000000
54.460000 61.000000
54.480000 77.000000
54.500000 80.000000
54.520000 61.000000
54.540000 75.000000
54.560000 66.000000
54.580000 64.000000
54.600000 88.000000
54.620000 69.000000
54.640000 80.000000
54.660000 73.000000
54.680000 98.000000
54.700000 108.000000
54.720000 103.000000
54.740000 142.000000
54.760000 149.000000
54.780000 178.000000
54.800000 220.000000
54.820000 350.000000
54.840000 463.000000
54.860000 558.000000
54.880000 540.000000
54.900000 373.000000
54.920000 266.000000
54.940000 198.000000
54.960000 243.000000
54.980000 267.000000
55.000000 303.000000
55.020000 325.000000
55.040000 272.000000
55.060000 182.000000
55.080000 147.000000
55.100000 141.000000
55.120000 83.000000
55.140000 100.000000
55.160000 102.000000
55.180000 98.000000
55.200000 94.000000
55.220000 109.000000
55.240000 121.000000
55.260000 162.000000
55.280000 181.000000
55.300000 256.000000
55.320000 247.000000
55.340000 201.000000
55.360000 139.000000
55.380000 135.000000
55.400000 121.000000
55.420000 140.000000
55.440000 148.000000
55.460000 166.000000
55.480000 144.000000
55.500000 114.000000
55.520000 96.000000
55.540000 83.000000
55.560000 90.000000
55.580000 64.000000
55.600000 89.000000
55.620000 61.000000
55.640000 68.000000
55.660000 60.000000
55.680000 71.000000
55.700000 44.000000
55.720000 58.000000
55.740000 57.000000
55.760000 58.000000
55.780000 52.000000
55.800000 56.000000
55.820000 52.000000
55.840000 57.000000
55.860000 65.000000
55.880000 57.000000
55.900000 60.000000
55.920000 61.000000
55.940000 51.000000
55.960000 58.000000
55.980000 59.000000
56.000000 47.000000
56.020000 51.000000
56.040000 50.000000
56.060000 58.000000
56.080000 61.000000
56.100000 62.000000
56.120000 57.000000
56.140000 66.000000
56.160000 62.000000
56.180000 59.000000
56.200000 61.000000
56.220000 40.000000
56.240000 65.000000
56.260000 66.000000
56.280000 61.000000
56.300000 49.000000
56.320000 64.000000
56.340000 63.000000
56.360000 50.000000
56.380000 67.000000
56.400000 61.000000
56.420000 61.000000
56.440000 59.000000
56.460000 67.000000
56.480000 55.000000
56.500000 66.000000
56.520000 49.000000
56.540000 52.000000
56.560000 55.000000
56.580000 58.000000
56.600000 60.000000
56.620000 59.000000
56.640000 58.000000
56.660000 52.000000
56.680000 54.000000
56.700000 51.000000
56.720000 66.000000
56.740000 50.000000
56.760000 56.000000
56.780000 66.000000
56.800000 60.000000
56.820000 47.000000
56.840000 63.000000
56.860000 71.000000
56.880000 64.000000
56.900000 72.000000
56.920000 68.000000
56.940000 58.000000
56.960000 62.000000
56.980000 50.000000
57.000000 54.000000
57.020000 58.000000
57.040000 56.000000
57.060000 64.000000
57.080000 61.000000
57.100000 51.000000
57.120000 71.000000
57.140000 70.000000
57.160000 78.000000
57.180000 70.000000
57.200000 76.000000
57.220000 94.000000
57.240000 79.000000
57.260000 67.000000
57.280000 69.000000
57.300000 46.000000
57.320000 63.000000
57.340000 64.000000
57.360000 74.000000
57.380000 66.000000
57.400000 63.000000
57.420000 68.000000
57.440000 72.000000
57.460000 70.000000
57.480000 53.000000
57.500000 62.000000
57.520000 62.000000
57.540000 78.000000
57.560000 53.000000
57.580000 59.000000
57.600000 54.000000
57.620000 54.000000
57.640000 71.000000
57.660000 53.000000
57.680000 49.000000
57.700000 60.000000
57.720000 53.000000
57.740000 55.000000
57.760000 77.000000
57.780000 63.000000
57.800000 50.000000
57.820000 60.000000
57.840000 52.000000
57.860000 59.000000
57.880000 68.000000
57.900000 62.000000
57.920000 66.000000
57.940000 58.000000
57.960000 57.000000
57.980000 65.000000
58.000000 71.000000
58.020000 64.000000
58.040000 63.000000
58.060000 47.000000
58.080000 51.000000
58.100000 49.000000
58.120000 54.000000
58.140000 61.000000
58.160000 46.000000
58.180000 60.000000
58.200000 38.000000
58.220000 53.000000
58.240000 61.000000
58.260000 72.000000
58.280000 67.000000
58.300000 58.000000
58.320000 61.000000
58.340000 60.000000
58.360000 57.000000
58.380000 45.000000
58.400000 62.000000
58.420000 68.000000
58.440000 66.000000
58.460000 58.000000
58.480000 66.000000
58.500000 55.000000
58.520000 40.000000
58.540000 64.000000
58.560000 57.000000
58.580000 57.000000
58.600000 61.000000
58.620000 52.000000
58.640000 62.000000
58.660000 65.000000
58.680000 59.000000
58.700000 58.000000
58.720000 49.000000
58.740000 47.000000
58.760000 52.000000
58.780000 55.000000
58.800000 44.000000
58.820000 68.000000
58.840000 50.000000
58.860000 54.000000
58.880000 59.000000
58.900000 67.000000
58.920000 68.000000
58.940000 65.000000
58.960000 62.000000
58.980000 73.000000
59.000000 64.000000
59.020000 63.000000
59.040000 56.000000
59.060000 56.000000
59.080000 48.000000
59.100000 53.000000
59.120000 56.000000
59.140000 63.000000
59.160000 58.000000
59.180000 64.000000
59.200000 50.000000
59.220000 55.000000
59.240000 63.000000
59.260000 65.000000
59.280000 73.000000
59.300000 55.000000
59.320000 59.000000
59.340000 58.000000
59.360000 64.000000
59.380000 73.000000
59.400000 53.000000
59.420000 54.000000
59.440000 52.000000
59.460000 67.000000
59.480000 75.000000
59.500000 83.000000
59.520000 73.000000
59.540000 73.000000
59.560000 74.000000
59.580000 64.000000
59.600000 85.000000
59.620000 108.000000
59.640000 95.000000
59.660000 112.000000
59.680000 86.000000
59.700000 123.000000
59.720000 106.000000
59.740000 107.000000
59.760000 144.000000
59.780000 151.000000
59.800000 190.000000
59.820000 226.000000
59.840000 300.000000
59.860000 370.000000
59.880000 540.000000
59.900000 740.000000
59.920000 1225.000000
59.940000 1497.000000
59.960000 1423.000000
59.980000 961.000000
60.000000 598.000000
60.020000 478.000000
60.040000 404.000000
60.060000 488.000000
60.080000 610.000000
60.100000 777.000000
60.120000 852.000000
60.140000 571.000000
60.160000 374.000000
60.180000 243.000000
60.200000 175.000000
60.220000 132.000000
60.240000 116.000000
60.260000 120.000000
60.280000 101.000000
60.300000 107.000000
60.320000 100.000000
60.340000 84.000000
60.360000 87.000000
60.380000 80.000000
60.400000 70.000000
60.420000 67.000000
60.440000 67.000000
60.460000 64.000000
60.480000 67.000000
60.500000 63.000000
60.520000 57.000000
60.540000 74.000000
60.560000 54.000000
60.580000 69.000000
60.600000 73.000000
60.620000 64.000000
60.640000 64.000000
60.660000 72.000000
60.680000 63.000000
60.700000 68.000000
60.720000 59.000000
60.740000 84.000000
60.760000 63.000000
60.780000 59.000000
60.800000 69.000000
60.820000 61.000000
60.840000 57.000000
60.860000 68.000000
60.880000 69.000000
60.900000 76.000000
60.920000 52.000000
60.940000 69.000000
60.960000 48.000000
60.980000 63.000000
61.000000 59.000000
61.020000 59.000000
61.040000 42.000000
61.060000 63.000000
61.080000 64.000000
61.100000 57.000000
61.120000 58.000000
61.140000 49.000000
61.160000 52.000000
61.180000 64.000000
61.200000 62.000000
61.220000 61.000000
61.240000 59.000000
61.260000 54.000000
61.280000 58.000000
61.300000 55.000000
61.320000 67.000000
61.340000 56.000000
61.360000 57.000000
61.380000 62.000000
61.400000 59.000000
61.420000 59.000000
61.440000 63.000000
61.460000 59.000000
61.480000 66.000000
61.500000 62.000000
61.520000 56.000000
61.540000 53.000000
61.560000 49.000000
61.580000 53.000000
61.600000 56.000000
61.620000 73.000000
61.640000 61.000000
61.660000 61.000000
61.680000 77.000000
61.700000 66.000000
61.720000 57.000000
61.740000 69.000000
61.760000 58.000000
61.780000 59.000000
61.800000 51.000000
61.820000 47.000000
61.840000 68.000000
61.860000 60.000000
61.880000 52.000000
61.900000 72.000000
61.920000 70.000000
61.940000 59.000000
61.960000 75.000000
61.980000 62.000000
62.000000 61.000000
62.020000 54.000000
62.040000 52.000000
62.060000 79.000000
62.080000 49.000000
62.100000 71.000000
62.120000 46.000000
62.140000 47.000000
62.160000 60.000000
62.180000 47.000000
62.200000 64.000000
62.220000 68.000000
62.240000 65.000000
62.260000 68.000000
62.280000 71.000000
62.300000 62.000000
62.320000 73.000000
62.340000 53.000000
62.360000 65.000000
62.380000 58.000000
62.400000 71.000000
62.420000 57.000000
62.440000 60.000000
62.460000 70.000000
62.480000 55.000000
62.500000 59.000000
62.520000 76.000000
62.540000 69.000000
62.560000 51.000000
62.580000 50.000000
62.600000 68.000000
62.620000 74.000000
62.640000 55.000000
62.660000 52.000000
62.680000 63.000000
62.700000 60.000000
62.720000 58.000000
62.740000 60.000000
62.760000 55.000000
62.780000 56.000000
62.800000 54.000000
62.820000 44.000000
62.840000 46.000000
62.860000 60.000000
62.880000 60.000000
62.900000 62.000000
62.920000 58.000000
62.940000 61.000000
62.960000 63.000000
62.980000 63.000000
63.000000 59.000000
63.020000 67.000000
63.040000 51.000000
63.060000 61.000000
63.080000 58.000000
63.100000 63.000000
63.120000 49.000000
63.140000 55.000000
63.160000 64.000000
63.180000 54.000000
63.200000 58.000000
63.220000 51.000000
63.240000 62.000000
63.260000 61.000000
63.280000 59.000000
63.300000 41.000000
63.320000 54.000000
63.340000 72.000000
63.360000 59.000000
63.380000 68.000000
63.400000 53.000000
63.420000 63.000000
63.440000 62.000000
63.460000 61.000000
63.480000 51.000000
63.500000 64.000000
63.520000 63.000000
63.540000 51.000000
63.560000 69.000000
63.580000 60.000000
63.600000 59.000000
63.620000 69.000000
63.640000 61.000000
63.660000 71.000000
63.680000 51.000000
63.700000 65.000000
63.720000 72.000000
63.740000 50.000000
63.760000 65.000000
63.780000 101.000000
63.800000 62.000000
63.820000 65.000000
63.840000 70.000000
63.860000 69.000000
63.880000 68.000000
63.900000 84.000000
63.920000 102.000000
63.940000 119.000000
63.960000 135.000000
63.980000 193.000000
64.000000 267.000000
64.020000 263.000000
64.040000 239.000000
64.060000 216.000000
64.080000 143.000000
64.100000 109.000000
64.120000 100.000000
64.140000 115.000000
64.160000 139.000000
64.180000 189.000000
64.200000 167.000000
64.220000 143.000000
64.240000 130.000000
64.260000 97.000000
64.280000 78.000000
64.300000 79.000000
64.320000 65.000000
64.340000 68.000000
64.360000 62.000000
64.380000 59.000000
64.400000 68.000000
64.420000 62.000000
64.440000 61.000000
64.460000 57.000000
64.480000 58.000000
64.500000 66.000000
64.520000 70.000000
64.540000 65.000000
64.560000 47.000000
64.580000 68.000000
64.600000 61.000000
64.620000 60.000000
64.640000 50.000000
64.660000 58.000000
64.680000 63.000000
64.700000 62.000000
64.720000 58.000000
64.740000 60.000000
64.760000 67.000000
64.780000 61.000000
64.800000 52.000000
64.820000 46.000000
64.840000 62.000000
64.860000 57.000000
64.880000 60.000000
64.900000 60.000000
64.920000 53.000000
64.940000 66.000000
64.960000 70.000000
64.980000 60.000000
65.000000 50.000000
65.020000 53.000000
65.040000 45.000000
65.060000 82.000000
65.080000 64.000000
65.100000 65.000000
65.120000 63.000000
65.140000 56.000000
65.160000 60.000000
65.180000 66.000000
65.200000 56.000000
65.220000 62.000000
65.240000 73.000000
65.260000 56.000000
65.280000 53.000000
65.300000 59.000000
65.320000 67.000000
65.340000 63.000000
65.360000 54.000000
65.380000 52.000000
65.400000 65.000000
65.420000 52.000000
65.440000 70.000000
65.460000 68.000000
65.480000 54.000000
65.500000 53.000000
65.520000 48.000000
65.540000 63.000000
65.560000 71.000000
65.580000 65.000000
65.600000 66.000000
65.620000 64.000000
65.640000 61.000000
65.660000 77.000000
65.680000 75.000000
65.700000 99.000000
65.720000 93.000000
65.740000 103.000000
65.760000 108.000000
65.780000 112.000000
65.800000 115.000000
65.820000 100.000000
65.840000 71.000000
65.860000 71.000000
65.880000 66.000000
65.900000 94.000000
65.920000 89.000000
65.940000 93.000000
65.960000 89.000000
65.980000 76.000000
66.000000 84.000000
66.020000 53.000000
66.040000 62.000000
66.060000 75.000000
66.080000 56.000000
66.100000 42.000000
66.120000 60.000000
66.140000 56.000000
66.160000 65.000000
66.180000 61.000000
66.200000 74.000000
66.220000 74.000000
66.240000 59.000000
66.260000 76.000000
66.280000 69.000000
66.300000 61.000000
66.320000 66.000000
66.340000 64.000000
66.360000 75.000000
66.380000 74.000000
66.400000 58.000000
66.420000 73.000000
66.440000 58.000000
66.460000 58.000000
66.480000 63.000000
66.500000 51.000000
66.520000 63.000000
66.540000 64.000000
66.560000 63.000000
66.580000 66.000000
66.600000 52.000000
66.620000 68.000000
66.640000 44.000000
66.660000 48.000000
66.680000 51.000000
66.700000 46.000000
66.720000 69.000000
66.740000 61.000000
66.760000 78.000000
66.780000 66.000000
66.800000 57.000000
66.820000 71.000000
66.840000 54.000000
66.860000 60.000000
66.880000 71.000000
66.900000 73.000000
66.920000 70.000000
66.940000 76.000000
66.960000 66.000000
66.980000 67.000000
67.000000 72.000000
67.020000 72.000000
67.040000 76.000000
67.060000 82.000000
67.080000 81.000000
67.100000 84.000000
67.120000 92.000000
67.140000 85.000000
67.160000 87.000000
67.180000 56.000000
67.200000 79.000000
67.220000 89.000000
67.240000 73.000000
67.260000 73.000000
67.280000 75.000000
67.300000 89.000000
67.320000 105.000000
67.340000 88.000000
67.360000 93.000000
67.380000 84.000000
67.400000 91.000000
67.420000 95.000000
67.440000 114.000000
67.460000 113.000000
67.480000 117.000000
67.500000 106.000000
67.520000 126.000000
67.540000 125.000000
67.560000 138.000000
67.580000 171.000000
67.600000 186.000000
67.620000 256.000000
67.640000 324.000000
67.660000 448.000000
67.680000 696.000000
67.700000 1085.000000
67.720000 1429.000000
67.740000 1346.000000
67.760000 1035.000000
67.780000 647.000000
67.800000 421.000000
67.820000 386.000000
67.840000 378.000000
67.860000 430.000000
67.880000 579.000000
67.900000 738.000000
67.920000 858.000000
67.940000 731.000000
67.960000 534.000000
67.980000 445.000000
68.000000 372.000000
68.020000 369.000000
68.040000 397.000000
68.060000 520.000000
68.080000 638.000000
68.100000 897.000000
68.120000 938.000000
68.140000 974.000000
68.160000 760.000000
68.180000 602.000000
68.200000 490.000000
68.220000 475.000000
68.240000 595.000000
68.260000 790.000000
68.280000 987.000000
68.300000 1163.000000
68.320000 1052.000000
68.340000 838.000000
68.360000 636.000000
68.380000 431.000000
68.400000 321.000000
68.420000 299.000000
68.440000 360.000000
68.460000 346.000000
68.480000 463.000000
68.500000 424.000000
68.520000 356.000000
68.540000 251.000000
68.560000 174.000000
68.580000 178.000000
68.600000 116.000000
68.620000 103.000000
68.640000 89.000000
68.660000 85.000000
68.680000 87.000000
68.700000 81.000000
68.720000 87.000000
68.740000 92.000000
68.760000 72.000000
68.780000 65.000000
68.800000 88.000000
68.820000 82.000000
68.840000 65.000000
68.860000 75.000000
68.880000 78.000000
68.900000 58.000000
68.920000 61.000000
68.940000 86.000000
68.960000 56.000000
68.980000 67.000000
69.000000 72.000000
69.020000 76.000000
69.040000 59.000000
69.060000 66.000000
69.080000 63.000000
69.100000 67.000000
69.120000 67.000000
69.140000 59.000000
69.160000 67.000000
69.180000 65.000000
69.200000 59.000000
69.220000 68.000000
69.240000 78.000000
69.260000 68.000000
69.280000 62.000000
69.300000 52.000000
69.320000 60.000000
69.340000 71.000000
69.360000 64.000000
69.380000 54.000000
69.400000 67.000000
69.420000 52.000000
69.440000 69.000000
69.460000 51.000000
69.480000 48.000000
69.500000 63.000000
69.520000 51.000000
69.540000 60.000000
69.560000 75.000000
69.580000 60.000000
69.600000 55.000000
69.620000 65.000000
69.640000 53.000000
69.660000 51.000000
69.680000 58.000000
69.700000 52.000000
69.720000 67.000000
69.740000 62.000000
69.760000 68.000000
69.780000 56.000000
69.800000 62.000000
69.820000 60.000000
69.840000 54.000000
69.860000 65.000000
69.880000 70.000000
69.900000 54.000000
69.920000 57.000000
69.940000 57.000000
69.960000 62.000000
69.980000 43.000000
70.000000 49.000000
70.020000 56.000000
70.040000 57.000000
70.060000 66.000000
70.080000 65.000000
70.100000 59.000000
70.120000 59.000000
70.140000 60.000000
70.160000 51.000000
70.180000 65.000000
70.200000 67.000000
70.220000 61.000000
70.240000 42.000000
70.260000 58.000000
70.280000 62.000000
70.300000 50.000000
70.320000 55.000000
70.340000 51.000000
70.360000 49.000000
70.380000 53.000000
70.400000 57.000000
70.420000 58.000000
70.440000 50.000000
70.460000 65.000000
70.480000 54.000000
70.500000 60.000000
70.520000 67.000000
70.540000 56.000000
70.560000 54.000000
70.580000 55.000000
70.600000 61.000000
70.620000 61.000000
70.640000 58.000000
70.660000 49.000000
70.680000 55.000000
70.700000 63.000000
70.720000 59.000000
70.740000 74.000000
70.760000 54.000000
70.780000 48.000000
70.800000 68.000000
70.820000 62.000000
70.840000 62.000000
70.860000 46.000000
70.880000 60.000000
70.900000 60.000000
70.920000 62.000000
70.940000 53.000000
70.960000 65.000000
70.980000 63.000000
71.000000 63.000000
71.020000 51.000000
71.040000 76.000000
71.060000 61.000000
71.080000 54.000000
71.100000 69.000000
71.120000 57.000000
71.140000 66.000000
71.160000 58.000000
71.180000 63.000000
71.200000 62.000000
71.220000 52.000000
71.240000 57.000000
71.260000 54.000000
71.280000 55.000000
71.300000 52.000000
71.320000 63.000000
71.340000 63.000000
71.360000 54.000000
71.380000 64.000000
71.400000 53.000000
71.420000 59.000000
71.440000 54.000000
71.460000 60.000000
71.480000 69.000000
71.500000 60.000000
71.520000 50.000000
71.540000 61.000000
71.560000 50.000000
71.580000 67.000000
71.600000 62.000000
71.620000 45.000000
71.640000 65.000000
71.660000 53.000000
71.680000 49.000000
71.700000 54.000000
71.720000 59.000000
71.740000 51.000000
71.760000 58.000000
71.780000 60.000000
71.800000 52.000000
71.820000 63.000000
71.840000 61.000000
71.860000 59.000000
71.880000 60.000000
71.900000 57.000000
71.920000 67.000000
71.940000 55.000000
71.960000 47.000000
71.980000 62.000000
72.000000 62.000000
72.020000 60.000000
72.040000 48.000000
72.060000 51.000000
72.080000 54.000000
72.100000 67.000000
72.120000 68.000000
72.140000 52.000000
72.160000 54.000000
72.180000 61.000000
72.200000 59.000000
72.220000 63.000000
72.240000 50.000000
72.260000 53.000000
72.280000 60.000000
72.300000 54.000000
72.320000 56.000000
72.340000 63.000000
72.360000 57.000000
72.380000 52.000000
72.400000 68.000000
72.420000 59.000000
72.440000 59.000000
72.460000 57.000000
72.480000 62.000000
72.500000 51.000000
72.520000 66.000000
72.540000 72.000000
72.560000 59.000000
72.580000 74.000000
72.600000 50.000000
72.620000 55.000000
72.640000 61.000000
72.660000 63.000000
72.680000 56.000000
72.700000 50.000000
72.720000 71.000000
72.740000 54.000000
72.760000 58.000000
72.780000 68.000000
72.800000 58.000000
72.820000 62.000000
72.840000 57.000000
72.860000 65.000000
72.880000 57.000000
72.900000 65.000000
72.920000 54.000000
72.940000 51.000000
72.960000 50.000000
72.980000 62.000000
73.000000 74.000000
73.020000 61.000000
73.040000 63.000000
73.060000 52.000000
73.080000 58.000000
73.100000 69.000000
73.120000 66.000000
73.140000 62.000000
73.160000 71.000000
73.180000 70.000000
73.200000 59.000000
73.220000 81.000000
73.240000 76.000000
73.260000 75.000000
73.280000 69.000000
73.300000 92.000000
73.320000 93.000000
73.340000 102.000000
73.360000 122.000000
73.380000 137.000000
73.400000 147.000000
73.420000 194.000000
73.440000 180.000000
73.460000 189.000000
73.480000 171.000000
73.500000 143.000000
73.520000 127.000000
73.540000 113.000000
73.560000 113.000000
73.580000 98.000000
73.600000 104.000000
73.620000 120.000000
73.640000 124.000000
73.660000 125.000000
73.680000 145.000000
73.700000 127.000000
73.720000 102.000000
73.740000 80.000000
73.760000 77.000000
73.780000 71.000000
73.800000 61.000000
73.820000 64.000000
73.840000 75.000000
73.860000 65.000000
73.880000 60.000000
73.900000 63.000000
73.920000 54.000000
73.940000 69.000000
73.960000 69.000000
73.980000 63.000000
74.000000 52.000000
74.020000 65.000000
74.040000 59.000000
74.060000 59.000000
74.080000 58.000000
74.100000 57.000000
74.120000 52.000000
74.140000 58.000000
74.160000 57.000000
74.180000 67.000000
74.200000 54.000000
74.220000 59.000000
74.240000 64.000000
74.260000 48.000000
74.280000 59.000000
74.300000 73.000000
74.320000 50.000000
74.340000 55.000000
74.360000 50.000000
74.380000 58.000000
74.400000 69.000000
74.420000 61.000000
74.440000 63.000000
74.460000 58.000000
74.480000 69.000000
74.500000 60.000000
74.520000 56.000000
74.540000 56.000000
74.560000 57.000000
74.580000 60.000000
74.600000 65.000000
74.620000 62.000000
74.640000 58.000000
74.660000 59.000000
74.680000 49.000000
74.700000 53.000000
74.720000 41.000000
74.740000 62.000000
74.760000 48.000000
74.780000 64.000000
74.800000 64.000000
74.820000 66.000000
74.840000 66.000000
74.860000 52.000000
74.880000 47.000000
74.900000 60.000000
74.920000 51.000000
74.940000 64.000000
74.960000 50.000000
74.980000 60.000000
75.000000 53.000000
75.020000 54.000000
75.040000 46.000000
75.060000 55.000000
75.080000 53.000000
75.100000 60.000000
75.120000 68.000000
75.140000 69.000000
75.160000 53.000000
75.180000 67.000000
75.200000 61.000000
75.220000 62.000000
75.240000 60.000000
75.260000 56.000000
75.280000 85.000000
75.300000 70.000000
75.320000 63.000000
75.340000 67.000000
75.360000 73.000000
75.380000 74.000000
75.400000 83.000000
75.420000 88.000000
75.440000 78.000000
75.460000 103.000000
75.480000 85.000000
75.500000 111.000000
75.520000 113.000000
75.540000 137.000000
75.560000 179.000000
75.580000 239.000000
75.600000 299.000000
75.620000 334.000000
75.640000 394.000000
75.660000 356.000000
75.680000 305.000000
75.700000 178.000000
75.720000 157.000000
75.740000 136.000000
75.760000 135.000000
75.780000 155.000000
75.800000 158.000000
75.820000 186.000000
75.840000 175.000000
75.860000 238.000000
75.880000 201.000000
75.900000 185.000000
75.920000 156.000000
75.940000 103.000000
75.960000 97.000000
75.980000 80.000000
76.000000 64.000000
76.020000 58.000000
76.040000 78.000000
76.060000 75.000000
76.080000 72.000000
76.100000 72.000000
76.120000 64.000000
76.140000 79.000000
76.160000 53.000000
76.180000 69.000000
76.200000 66.000000
76.220000 61.000000
76.240000 76.000000
76.260000 58.000000
76.280000 54.000000
76.300000 52.000000
76.320000 59.000000
76.340000 58.000000
76.360000 55.000000
76.380000 69.000000
76.400000 56.000000
76.420000 63.000000
76.440000 67.000000
76.460000 55.000000
76.480000 55.000000
76.500000 69.000000
76.520000 71.000000
76.540000 47.000000
76.560000 41.000000
76.580000 61.000000
76.600000 49.000000
76.620000 55.000000
76.640000 72.000000
76.660000 51.000000
76.680000 53.000000
76.700000 55.000000
76.720000 57.000000
76.740000 55.000000
76.760000 49.000000
76.780000 70.000000
76.800000 58.000000
76.820000 61.000000
76.840000 54.000000
76.860000 49.000000
76.880000 50.000000
76.900000 44.000000
76.920000 54.000000
76.940000 64.000000
76.960000 58.000000
76.980000 55.000000
77.000000 59.000000
77.020000 59.000000
77.040000 57.000000
77.060000 63.000000
77.080000 45.000000
77.100000 52.000000
77.120000 65.000000
77.140000 66.000000
77.160000 62.000000
77.180000 55.000000
77.200000 60.000000
77.220000 64.000000
77.240000 72.000000
77.260000 51.000000
77.280000 56.000000
77.300000 59.000000
77.320000 73.000000
77.340000 66.000000
77.360000 37.000000
77.380000 61.000000
77.400000 61.000000
77.420000 74.000000
77.440000 64.000000
77.460000 76.000000
77.480000 64.000000
77.500000 77.000000
77.520000 91.000000
77.540000 101.000000
77.560000 121.000000
77.580000 147.000000
77.600000 139.000000
77.620000 197.000000
77.640000 196.000000
77.660000 233.000000
77.680000 221.000000
77.700000 173.000000
77.720000 144.000000
77.740000 128.000000
77.760000 79.000000
77.780000 77.000000
77.800000 99.000000
77.820000 105.000000
77.840000 141.000000
77.860000 153.000000
77.880000 126.000000
77.900000 139.000000
77.920000 135.000000
77.940000 113.000000
77.960000 75.000000
77.980000 86.000000
78.000000 62.000000
78.020000 63.000000
78.040000 60.000000
78.060000 54.000000
78.080000 74.000000
78.100000 60.000000
78.120000 67.000000
78.140000 61.000000
78.160000 56.000000
78.180000 61.000000
78.200000 62.000000
78.220000 59.000000
78.240000 64.000000
78.260000 52.000000
78.280000 55.000000
78.300000 64.000000
78.320000 53.000000
78.340000 62.000000
78.360000 56.000000
78.380000 54.000000
78.400000 56.000000
78.420000 71.000000
78.440000 52.000000
78.460000 49.000000
78.480000 53.000000
78.500000 59.000000
78.520000 74.000000
78.540000 59.000000
78.560000 54.000000
78.580000 51.000000
78.600000 73.000000
78.620000 80.000000
78.640000 47.000000
78.660000 56.000000
78.680000 52.000000
78.700000 74.000000
78.720000 62.000000
78.740000 62.000000
78.760000 60.000000
78.780000 60.000000
78.800000 47.000000
78.820000 59.000000
78.840000 62.000000
78.860000 45.000000
78.880000 45.000000
78.900000 69.000000
78.920000 55.000000
78.940000 61.000000
78.960000 47.000000
78.980000 53.000000
79.000000 75.000000
79.020000 61.000000
79.040000 51.000000
79.060000 55.000000
79.080000 57.000000
79.100000 70.000000
79.120000 54.000000
79.140000 49.000000
79.160000 63.000000
79.180000 40.000000
79.200000 52.000000
79.220000 62.000000
79.240000 51.000000
79.260000 49.000000
79.280000 69.000000
79.300000 61.000000
79.320000 61.000000
79.340000 72.000000
79.360000 52.000000
79.380000 60.000000
79.400000 64.000000
79.420000 74.000000
79.440000 76.000000
79.460000 85.000000
79.480000 79.000000
79.500000 70.000000
79.520000 63.000000
79.540000 63.000000
79.560000 65.000000
79.580000 61.000000
79.600000 83.000000
79.620000 78.000000
79.640000 76.000000
79.660000 82.000000
79.680000 77.000000
79.700000 93.000000
79.720000 117.000000
79.740000 112.000000
79.760000 126.000000
79.780000 165.000000
79.800000 223.000000
79.820000 282.000000
79.840000 309.000000
79.860000 384.000000
79.880000 331.000000
79.900000 285.000000
79.920000 242.000000
79.940000 190.000000
79.960000 153.000000
79.980000 183.000000
80.000000 233.000000
